Group	Throughput (Mbps)	End-to-End Delay (ms)	Packet Delivery Ratio (%)	Energy Consumption (J)	Load Balancing Efficiency (%)
ERFBAP	0.679671415	82.30125065	98.54523131	0.889719215	98.94094303
ERFBAP	0.61617357	75.21236284	95.53438462	0.862341685	99.46456513
ERFBAP	0.694768854	80.5570674	97.8365611	0.896924192	98.92558227
ERFBAP	0.782302986	88.77300493	96.28281392	0.865229929	94.19447994
ERFBAP	0.606584663	92.56988617	99.81463438	0.888423049	97.80365503
ERFBAP	0.606586304	75.77834676	97.41772823	0.945879877	94.76335733
ERFBAP	0.787921282	93.6960592	99.02996275	0.829672872	94.97539852
ERFBAP	0.706743473	98.55637859	97.75113271	0.936993928	92.04680109
ERFBAP	0.583052561	89.13434903	95.21706266	0.945855753	95.91130303
ERFBAP	0.684256004	103.7679581	98.16575688	0.874096574	91.86135898
ERFBAP	0.583658231	77.26210801	99.75701671	0.773907255	93.31564699
ERFBAP	0.583427025	72.55345297	98.0080591	0.849608901	98.55030202
ERFBAP	0.654196227	67.21279751	99.0959443	0.944849727	92.07075809
ERFBAP	0.438671976	99.96044311	99.42103232	0.878856597	90.71158285
ERFBAP	0.457508217	91.54365656	96.14039886	0.830034888	90.69007593
ERFBAP	0.573771247	84.44415329	96.0602242	0.854761254	99.40784521
ERFBAP	0.528716888	87.79968626	98.05490494	0.922031001	95.06920438
ERFBAP	0.661424733	73.74510953	97.05514235	0.907336678	94.09412072
ERFBAP	0.539197592	109.4575198	99.19930651	0.868053395	98.10878581
ERFBAP	0.48876963	86.29221182	99.50011562	0.861658779	98.35825928
ERFBAP	0.776564877	86.09394795	96.7671069	0.860412093	93.32191033
ERFBAP	0.60742237	92.25766624	96.18435279	0.833879491	96.93618057
ERFBAP	0.63675282	89.81009232	98.90262758	0.960768784	97.71122816
ERFBAP	0.487525181	87.23884024	96.37403018	0.863883977	96.54650687
ERFBAP	0.575561728	77.09525545	99.11307159	0.940857926	91.51595075
ERFBAP	0.641092259	89.71468357	97.11869127	0.956065803	98.75883084
ERFBAP	0.514900642	103.820245	98.3377495	0.929915545	95.39094553
ERFBAP	0.667569802	98.45420046	95.47767657	0.858418984	92.82472426
ERFBAP	0.569936131	100.9318663	98.11929662	0.900186505	94.25228185
ERFBAP	0.600830625	79.88784324	97.25883839	0.87879022	90.3757109
ERFBAP	0.569829339	75.1039518	97.93304232	0.834814907	91.27866801
ERFBAP	0.815227818	83.7421308	95.84007104	0.896217964	97.65546751
ERFBAP	0.628650278	85.55724912	98.68436872	0.82104801	90.00011635
ERFBAP	0.524228907	95.94191518	99.31398539	0.939383969	94.16565828
ERFBAP	0.712254491	68.0753537	96.083699	0.856769135	95.22510181
ERFBAP	0.507915635	100.2955032	95.47857278	0.890057983	90.5463442
ERFBAP	0.65088636	83.41992101	95.11819293	0.894164394	99.73078163
ERFBAP	0.434032988	80.7311893	98.2098575	0.867054751	92.26125331
ERFBAP	0.497181395	74.87895625	98.03547018	0.90933469	93.0419872
ERFBAP	0.649686124	68.45143328	97.73348706	0.856254817	93.03942512
ERFBAP	0.703846658	93.23170584	96.15973548	0.923564865	92.30416662
ERFBAP	0.647136828	85.73317967	96.95452998	0.812701016	90.01473822
ERFBAP	0.618435172	72.100391	97.97238168	0.886318979	97.29344794
ERFBAP	0.59988963	72.04921228	97.48383429	0.97694645	99.668455
ERFBAP	0.482147801	81.64215301	99.9389276	0.829983434	92.24293483
ERFBAP	0.558015579	101.6902153	95.68219876	0.846112751	96.63047192
ERFBAP	0.583936123	82.40408649	98.47572277	0.905695392	97.41896327
ERFBAP	0.735712223	69.96857047	97.02159384	0.888979089	98.48425379
ERFBAP	0.664361829	82.54256936	97.14099807	0.897531505	94.22629197
ERFBAP	0.453695984	82.2727643	98.58798883	0.904459357	93.02930906
ERFBAP	0.662408397	58.03113357	98.46218076	0.911736073	93.25295134
ERFBAP	0.591491772	84.45705133	99.95627997	0.935484992	97.12621333
ERFBAP	0.5623078	82.6906547	95.64197145	0.900490933	98.16779467
ERFBAP	0.691167629	91.96206365	95.52054825	0.867937117	91.81613968
ERFBAP	0.733099952	103.4895609	98.62169409	0.913628685	93.70941008
ERFBAP	0.723128012	96.2656503	97.89193459	0.974994097	99.01940197
ERFBAP	0.546078248	82.31111309	96.37080333	0.873368313	98.0669352
ERFBAP	0.599078762	73.93474091	95.39709684	0.831273535	99.84858403
ERFBAP	0.663126343	110.733598	95.42829125	0.935354033	97.5424826
ERFBAP	0.727554513	85.59218434	99.47095437	0.873980942	93.93195201
ERFBAP	0.582082576	85.13929292	95.95933662	0.771366523	95.90637834
ERFBAP	0.611434102	84.75874913	96.61685781	0.922371084	96.61014254
ERFBAP	0.519366503	86.98084761	96.13328201	0.853233591	90.78455816
ERFBAP	0.510379338	83.55639588	96.77498153	0.875473336	95.44496959
ERFBAP	0.711252582	79.26337993	95.34711921	0.896599017	97.09320828
ERFBAP	0.765624003	79.53141059	97.59529895	0.889524984	91.67321304
ERFBAP	0.622798988	84.6724673	95.33806282	0.915472591	97.80631717
ERFBAP	0.73035329	79.56575229	99.00178254	0.858225681	95.83772781
ERFBAP	0.666163603	77.87154217	96.16856041	0.90565529	99.52221786
ERFBAP	0.565488025	86.06430228	97.70005957	0.867022666	90.42422298
ERFBAP	0.666139561	82.45022783	99.40039544	0.916940524	92.65326138
ERFBAP	0.783803657	100.0399299	98.25438685	0.910768374	96.01553879
ERFBAP	0.626417396	58.49030192	97.66478893	0.833228065	92.96559912
ERFBAP	0.786464366	95.91506852	96.62166877	0.934299106	97.14424164
ERFBAP	0.36802549	97.46085192	96.66500957	0.853201828	97.59005283
ERFBAP	0.71219025	64.26609768	98.34743478	0.92040289	91.02515964
ERFBAP	0.638704707	81.57312406	99.97069681	0.898364366	95.13854464
ERFBAP	0.600099265	81.28559134	98.30919595	0.971909184	95.08890556
ERFBAP	0.639176078	70.92488305	97.78891709	0.868826701	93.6928077
ERFBAP	0.431243109	77.22183312	98.65325255	0.86253416	99.32924863
ERFBAP	0.608032811	73.89424155	97.32602806	0.87902902	98.2750632
ERFBAP	0.665711257	102.5227044	95.30071171	0.864841011	96.97209382
ERFBAP	0.777789404	94.35678393	97.81148408	0.919997095	97.14326636
ERFBAP	0.578172978	97.71555095	99.78812642	0.79918447	94.61716144
ERFBAP	0.54915064	92.21672064	95.87651471	0.827315879	99.20994521
ERFBAP	0.579824296	73.70948229	98.45002445	0.826609854	96.94595427
ERFBAP	0.721540212	79.75479734	96.00466844	0.92751538	97.28981062
ERFBAP	0.662875111	89.89374561	97.67913842	0.965530669	98.61690904
ERFBAP	0.57702398	72.77872191	95.48338225	0.874777539	92.74071589
ERFBAP	0.681326743	92.1299843	97.25185468	0.871558914	98.07070904
ERFBAP	0.639707755	82.59674602	98.78081664	0.883502608	91.95240603
ERFBAP	0.726864499	81.25179192	96.73785762	0.938093915	93.45341952
ERFBAP	0.559794691	92.10959968	98.32455862	0.833632343	93.35610454
ERFBAP	0.597233785	89.44263311	98.9772498	0.891918449	99.78525468
ERFBAP	0.590789185	81.39033834	99.6358891	0.928759881	98.56537224
ERFBAP	0.483648505	96.59329803	96.17321041	0.905054708	97.01169862
ERFBAP	0.659612028	74.18936672	96.99657958	0.889479081	97.27056762
ERFBAP	0.656105527	91.15935607	95.76208007	0.930052305	95.62072794
ERFBAP	0.630511346	90.93101258	99.96241751	0.744838385	99.47090667
ERFBAP	0.606541287	81.90453561	99.63500484	0.913893766	94.96258753
ERFBAP	0.488462926	88.26133022	97.69978565	0.847296216	93.8051771
ERFBAP	0.587935468	72.48886424	99.21016647	0.788468355	91.63035337
ERFBAP	0.595728548	94.24027019	97.60478989	0.90556013	97.86205652
ERFBAP	0.549772273	83.15097864	98.11792844	0.948682927	97.34443932
ERFBAP	0.613871429	79.77276979	95.44562216	0.873127574	93.84355039
ERFBAP	0.670405086	95.49009226	98.7763521	0.927643727	90.25193414
ERFBAP	0.81861859	77.95656309	95.63856742	0.960613913	98.38997328
ERFBAP	0.647457781	70.91538704	99.13033815	0.945745723	90.11417983
ERFBAP	0.655755039	69.43370826	98.91014044	0.961998226	97.0369978
ERFBAP	0.622555408	91.06009951	98.54372349	0.917106375	99.7025711
ERFBAP	0.438122878	72.19570648	95.1808019	0.883771682	94.37661328
ERFBAP	0.627348612	102.5479418	96.51564178	0.799901709	92.34973405
ERFBAP	0.636023021	64.18070592	96.31556285	0.867696876	97.0487101
ERFBAP	0.876324211	101.9645637	96.80068204	0.83783767	98.17128142
ERFBAP	0.610763904	87.11017467	95.43821373	0.988547136	95.46430316
ERFBAP	0.660154734	84.03286888	99.68478912	0.871205709	99.67035275
ERFBAP	0.626528823	79.55080913	97.7690112	0.88616024	90.51668722
ERFBAP	0.513132196	88.99136114	96.52762155	0.907574269	95.04795598
ERFBAP	0.744282281	84.62365298	96.98490759	0.882180122	97.18453947
ERFBAP	0.705193303	96.03301882	97.2360127	0.964752552	98.62640471
ERFBAP	0.709103195	86.14227649	98.00297167	0.848867532	91.79255612
ERFBAP	0.539061255	86.50301761	97.57839714	0.889730373	98.00003482
ERFBAP	0.770279431	81.36387788	99.59695987	0.842876471	95.52707076
ERFBAP	0.489814894	84.43054376	97.48481741	0.813998874	93.96553682
ERFBAP	0.688685709	88.07801769	99.96079007	0.849411545	91.31715029
ERFBAP	0.849045563	67.89831607	99.25712479	0.87814816	98.65295759
ERFBAP	0.530946367	71.51814578	96.04255257	0.858534889	91.57273208
ERFBAP	0.573370227	92.43264094	99.65297607	0.845378951	93.09787859
ERFBAP	0.639965137	86.70865438	95.58183199	0.809684127	92.90045532
ERFBAP	0.579652435	83.16016664	99.08724854	0.875844721	98.71414034
ERFBAP	0.474933657	85.18433933	96.90311647	0.804763981	96.72702994
ERFBAP	0.636856297	88.47581705	99.3898716	0.918002798	97.96681397
ERFBAP	0.523769629	79.6024032	99.34028345	0.884121988	92.50467899
ERFBAP	0.677359243	77.21695275	99.029627	0.807122425	96.248741
ERFBAP	0.538057577	86.95845255	98.95015218	0.864539546	95.71745983
ERFBAP	0.784993441	75.21627222	96.5233957	0.84239218	98.32830377
ERFBAP	0.551674671	89.08252756	95.40459642	0.895958726	99.0608706
ERFBAP	0.597793848	67.97416396	97.01490089	0.947022522	90.12156771
ERFBAP	0.711351722	95.29155637	95.86762257	0.786241377	96.74019919
ERFBAP	0.506913568	89.72597482	98.47475544	0.885751304	90.51835799
ERFBAP	0.652745993	87.56029734	96.73049863	0.87199336	95.48858665
ERFBAP	0.760714275	94.82690984	99.878051	0.913567004	92.87632729
ERFBAP	0.469251677	101.6547444	98.20486039	0.890659831	93.067766
ERFBAP	0.648463386	95.14370065	99.11240282	0.842401533	93.52958503
ERFBAP	0.655988279	66.59125769	95.66262336	0.864047303	96.21292449
ERFBAP	0.708182287	72.20423033	99.31007241	0.840198707	93.34049966
ERFBAP	0.506304929	78.75181422	99.61378595	0.933800357	97.32699051
ERFBAP	0.497954339	85.2609105	97.43530959	0.881065582	94.04527386
ERFBAP	0.682194157	90.1765902	98.03126469	0.975059534	90.683532
ERFBAP	0.659698467	77.74256187	98.824049	0.876966959	97.83759842
ERFBAP	0.655049285	86.86766764	95.87419314	0.844579662	92.85758325
ERFBAP	0.664644821	77.44617068	97.51283038	0.80431428	94.3276688
ERFBAP	0.561997528	78.88482197	96.99331514	0.789843016	96.85443883
ERFBAP	0.65322537	70.93338903	95.73186996	0.800793203	93.32456157
ERFBAP	0.659307247	75.76766754	96.83767211	0.893356333	90.56585656
ERFBAP	0.558564858	71.48315394	95.34086155	0.905436251	93.73921047
ERFBAP	0.816577451	75.24126747	95.12905953	0.800940465	99.44448583
ERFBAP	0.677383292	95.53641797	95.67583145	0.924751916	96.41734397
ERFBAP	0.51086965	75.50601111	99.81557556	0.855846947	96.71479149
ERFBAP	0.695655361	111.3238206	97.74764768	0.887339651	96.32282154
ERFBAP	0.532531833	89.93317901	99.82911081	0.960611031	91.98992139
ERFBAP	0.70870846	86.84836124	97.16248939	0.924841966	94.18333864
ERFBAP	0.745859558	76.4164222	96.55908067	0.866573468	97.50939798
ERFBAP	0.547931768	92.00309879	97.53070931	0.835440389	91.01372898
ERFBAP	0.726337613	79.24362174	97.19755844	0.77240923	92.77852776
ERFBAP	0.671278093	86.22009815	95.52832342	0.844042334	92.76319108
ERFBAP	0.712206016	110.6008454	98.20413157	0.869443488	94.32018928
ERFBAP	0.819679298	84.039401	96.08019091	0.830641024	99.80368741
ERFBAP	0.605461188	96.49273326	98.09793977	0.873437152	90.67502547
ERFBAP	0.554626384	77.96823575	98.25100546	0.883842594	95.18700994
ERFBAP	0.541048557	84.6501151	95.76012427	0.868757201	91.79364682
ERFBAP	0.548418972	102.7080064	95.30674814	0.847499871	99.70676545
ERFBAP	0.622289829	78.73032942	98.90380793	0.888432734	91.13303505
ERFBAP	0.664115197	103.1244856	97.29900212	0.902097032	94.03601002
ERFBAP	0.65766908	92.07751935	95.29081898	0.825480046	97.37884985
ERFBAP	0.712718325	79.37533224	99.97433159	0.950546619	97.04554428
ERFBAP	0.631300189	91.32407739	95.2889028	0.875070593	94.22728637
ERFBAP	0.775353408	94.7255445	98.47517614	0.880942481	93.46524168
ERFBAP	0.603534317	91.21809962	99.91839463	0.915410721	93.97612379
ERFBAP	0.902016917	69.2977528	96.19590052	0.891660807	92.64276263
ERFBAP	0.692566735	77.72862824	95.71124684	0.927656832	92.05332939
ERFBAP	0.544284244	82.52481364	95.6069247	0.894356208	94.83039698
ERFBAP	0.52291075	84.25566571	96.51637574	0.849378131	92.68533756
ERFBAP	0.678247242	91.20672098	95.50522906	0.898075176	92.87461665
ERFBAP	0.607653721	86.77701001	98.46080671	0.82281369	96.56756063
ERFBAP	0.701400049	71.64655641	95.31145899	0.885427985	99.68537332
ERFBAP	0.677323762	88.80197851	97.54711064	0.8783385	96.03637201
ERFBAP	0.622717109	91.10585745	99.98348427	0.869594157	90.76979467
ERFBAP	0.545320628	90.59790448	99.06985135	0.873573124	90.75583614
ERFBAP	0.478515278	95.80780726	98.07609719	0.785907548	99.51423221
ERFBAP	0.585348505	93.33922155	96.5312681	0.852563755	92.9729079
ERFBAP	0.715639879	89.59180079	98.11947918	0.884642245	90.92066986
ERFBAP	0.651409374	84.29834289	97.63520732	0.88799282	95.99044587
ERFBAP	0.505426122	68.39039066	97.13041692	0.828616243	96.23648778
ERFBAP	0.647318093	89.29618219	95.65355188	0.943285392	96.4850482
ERFBAP	0.668531738	87.07687687	99.43302108	0.836691258	92.67402028
ERFBAP	0.541614256	87.71578837	97.24892324	0.92847286	90.15110684
ERFBAP	0.645372511	72.23251424	95.97311256	0.901359718	99.65015369
ERFBAP	0.635820872	74.1894346	96.83879675	0.847688635	92.50893046
ERFBAP	0.51570297	95.53152853	97.07064876	0.968765545	96.76026288
ERFBAP	0.665778736	84.60444846	99.13768948	0.820318158	97.0662987
ERFBAP	0.686078453	91.81500697	98.6680719	0.925957709	96.10007417
ERFBAP	0.738305124	85.28318376	98.84652447	0.930029116	93.12907394
ERFBAP	0.735380205	85.29756139	95.05515632	0.84646899	92.71096254
ERFBAP	0.492233063	94.38283806	97.08076999	0.949623265	95.97668283
ERFBAP	0.536217496	79.83955272	97.40672076	0.867497674	98.66095634
ERFBAP	0.681503527	85.96120777	95.09596138	0.894434681	99.46733729
ERFBAP	0.681378595	80.37724711	96.29906604	0.893016092	91.05905804
ERFBAP	0.681504769	80.65503773	98.80144912	0.873284563	91.54828613
ERFBAP	1.015273149	81.90827877	95.68554853	0.920540414	99.44736259
ERFBAP	0.687089051	87.22133772	97.67655066	0.919674436	97.36535228
ERFBAP	0.743556564	80.21251378	96.07600936	0.792573401	98.82993825
ERFBAP	0.725400176	97.55756126	95.06060387	0.945217012	92.02632634
ERFBAP	0.695139125	76.05392698	96.20600729	0.796875401	95.87585871
ERFBAP	0.598473076	83.13128356	99.87936877	0.93162731	97.01139594
ERFBAP	0.705896922	80.60268942	99.00768556	0.936335257	96.80111885
ERFBAP	0.552717479	99.46977884	99.79788322	0.825451678	94.08151691
ERFBAP	0.606318139	86.96554777	97.43927022	0.859459286	90.15394892
ERFBAP	0.581463645	95.31844539	95.54868099	0.824714767	95.82926057
ERFBAP	0.638187414	70.14439627	97.73979744	0.869253948	92.53101539
ERFBAP	0.861465857	87.67050266	97.27188667	0.864598286	94.50254246
ERFBAP	0.443273481	93.89630796	99.22178541	0.918983027	99.57581015
ERFBAP	0.698626019	85.82283989	95.4904129	0.945515437	93.99035318
ERFBAP	0.468728413	95.65480375	97.44120569	0.949784191	98.39801607
ERFBAP	0.582806813	79.8271155	95.75024332	0.851891599	91.88540606
ERFBAP	0.73889506	99.0934744	96.62337963	0.869538906	96.72460498
ERFBAP	0.636428002	107.9889812	98.68678539	0.79582809	99.77006954
ERFBAP	0.522225522	81.3716144	97.38009065	0.839706497	91.01893101
ERFBAP	0.558469629	80.54497479	96.87944143	0.928242582	90.08319942
ERFBAP	0.697959775	99.53384477	96.97238139	0.960779141	94.33582793
ERFBAP	0.556963337	100.7957215	97.29723384	0.818282556	90.92625483
ERFBAP	0.651645859	79.77139973	98.92508272	0.850376787	97.4838435
ERFBAP	0.634557184	80.79813183	99.46042344	0.878679712	99.14548664
ERFBAP	0.564839965	82.18215391	99.77667343	0.894008058	94.34020973
ERFBAP	0.844394409	71.55549489	98.93451693	0.839519824	92.58711642
ERFBAP	0.693391902	75.81348054	96.57703448	0.901203052	94.34403319
ERFBAP	0.427485741	74.95859233	98.44067353	0.856308033	97.23447818
ERFBAP	0.648645431	77.32202435	97.18801562	0.879277386	90.09054162
ERFBAP	0.563821354	84.65315113	96.27335311	0.907314212	95.89453989
ERFBAP	0.715243333	87.34214733	99.2043579	0.880321113	96.13291685
ERFBAP	0.550747926	100.5050049	95.19213174	0.858180705	96.37688247
ERFBAP	0.618526356	75.01645959	99.50880996	0.87451951	92.4202208
ERFBAP	0.680498728	94.84322398	97.30738732	0.875581852	97.14052723
ERFBAP	0.716575519	82.86011156	98.18600738	0.861499449	90.91391486
ERFBAP	0.509970359	84.5053629	98.29676961	0.867060197	91.99270336
ERFBAP	0.596549876	91.74819492	99.4755887	0.959932359	98.77470047
ERFBAP	0.582505469	73.77277978	98.18334841	0.908045972	97.38723151
ERFBAP	0.564667077	88.82409746	98.06966792	0.865225984	90.13745554
ERFBAP	0.806545424	86.66452208	95.3332602	0.91484772	92.4837626
ERFBAP	0.670498171	89.92451264	97.59204011	0.863309026	92.14406483
ERFBAP	0.503911605	87.89168644	95.750845	0.938656232	92.70806328
ERFBAP	0.721786195	109.5530014	98.68716884	0.89848211	92.4755977
ERFBAP	0.84221562	78.62260016	97.5611096	0.874634893	90.62526296
ERFBAP	0.733246526	79.69003045	98.4011389	0.902385846	94.58940517
ERFBAP	0.478063003	78.76859474	95.2083645	0.801456192	97.32733475
ERFBAP	0.581576593	79.44522881	95.42396008	0.823661627	96.06731725
ERFBAP	0.756691115	78.62612873	98.58161694	0.82030375	96.72871669
ERFBAP	0.559233053	96.89016531	95.36042168	0.887147155	90.81149179
ERFBAP	0.674381943	99.20504248	95.35628364	0.96662575	99.5149071
ERFBAP	0.707463405	79.29253706	95.06054238	0.991565007	98.38491834
ERFBAP	0.537306953	76.67644427	99.78250699	0.911902555	98.05090318
ERFBAP	0.624047464	89.71415556	98.6875418	0.905042224	98.22983805
ERFBAP	0.305873266	79.47776956	96.76625704	0.789947113	99.32710508
ERFBAP	0.527561236	91.32931818	96.48267791	0.85286631	95.44253966
ERFBAP	0.604743185	87.02923021	96.74851615	0.840610812	92.00282018
ERFBAP	0.505221682	69.84255885	98.87326766	0.84895762	96.16783608
ERFBAP	0.79324113	100.475052	98.30685306	0.871592809	97.42881494
ERFBAP	0.486985862	102.9587767	95.92597784	0.856395471	97.37917393
ERFBAP	0.585995551	78.8721131	95.87054668	0.781035009	95.21449024
ERFBAP	0.643074058	81.1229844	95.49197825	0.917395513	90.68458719
ERFBAP	0.774127329	87.85865391	98.3015136	0.826362849	93.71112938
ERFBAP	0.486413785	88.3445679	98.82186331	0.891962343	99.20766608
ERFBAP	0.746316375	91.58544273	96.32523214	0.983704133	95.8444891
ERFBAP	0.631023306	105.1020454	95.10472481	0.83403077	95.38331943
ERFBAP	0.531849135	83.23052773	95.41085834	0.753485624	92.68853514
ERFBAP	0.676210347	77.01702755	99.83930017	0.865699789	93.6844892
ERFBAP	0.64990597	71.20680772	96.47722389	0.935047982	98.95346089
ERFBAP	0.569978312	77.6906996	98.84611574	0.977917373	96.66463048
ERFBAP	0.636980208	84.66873027	98.12331784	0.81852252	97.87387027
ERFBAP	0.59146864	102.9455786	96.9096982	0.904834961	94.54345423
ERFBAP	0.641351735	79.82388701	96.02843631	0.856734477	96.30247219
ERFBAP	0.696213067	87.23787952	95.60693209	0.874702582	92.48383609
ERFBAP	0.788601682	84.83577104	98.07506484	1.012217167	97.0546083
ERFBAP	0.50621845	96.88393273	98.8731689	0.804851484	94.27601334
ERFBAP	0.843303337	110.2693243	98.21952127	0.892686983	94.42545515
ERFBAP	0.43479122	79.69131227	97.65151067	0.903384659	96.49322325
ERFBAP	0.61482149	80.10560557	95.20975612	0.934289316	99.36280621
ERFBAP	0.688831721	95.44160877	99.84244389	0.884899158	90.64006347
ERFBAP	0.658099187	91.8189149	98.99357096	0.895402527	98.24743237
ERFBAP	0.567730048	103.4670733	96.46411018	0.860417572	92.9238311
ERFBAP	0.609187775	90.83928185	99.89985165	0.893456347	94.43919455
ERFBAP	0.580699907	81.40707909	98.00940795	0.862840386	90.21913329
ERFBAP	0.571063524	90.90654831	97.91211329	0.911078594	93.01046078
ERFBAP	0.71496021	96.08703581	98.7403659	0.861519483	95.02631243
ERFBAP	0.665701549	93.20482181	99.05884894	0.89885502	90.56176077
ERFBAP	0.56070904	90.07274031	98.28239304	0.878536859	94.91095729
ERFBAP	0.719959988	95.6667469	95.64047873	0.936302513	99.27110629
ERFBAP	0.660729952	96.6929559	96.69133753	0.877430314	91.05393218
ERFBAP	0.711286212	98.82158991	99.6404182	0.791348377	97.64440728
ERFBAP	0.692962884	91.48709888	96.12307806	0.943096075	94.09671053
ERFBAP	0.547100499	83.3288192	96.86083512	0.834713385	96.55173715
ERFBAP	0.573981896	86.46713686	97.16038441	0.847311683	92.60236598
ERFBAP	0.704729361	97.06508967	97.19702495	0.850216935	91.59492263
ERFBAP	0.691037027	76.83064329	98.06469791	0.948721905	91.60462614
ERFBAP	0.627909841	88.68673309	99.71537919	0.773216289	90.70491946
ERFBAP	0.641732738	81.06661188	96.20346356	1.036887427	91.85646705
ERFBAP	0.75776649	85.28744823	95.60750688	0.93280284	96.64219385
ERFBAP	0.570842861	97.78451863	95.98735245	0.891161946	98.81690612
ERFBAP	0.684709738	86.91099068	99.4346245	0.8772553	98.14125686
ERFBAP	0.609780735	85.46436548	98.22905406	0.894277704	96.8513431
ERFBAP	0.60823188	71.40143859	96.42953395	0.906056121	91.10431863
ERFBAP	0.739877685	92.46253566	99.07973469	0.912260779	92.89187446
ERFBAP	0.712541635	91.45484181	99.30684998	0.907780223	93.09806875
ERFBAP	0.711350964	106.6325472	99.23257169	0.884479034	92.49956946
ERFBAP	0.760547881	81.92221765	99.59463267	0.870133079	95.1500566
ERFBAP	0.632100384	87.19150328	96.2612051	0.872436336	95.35553815
ERFBAP	0.698195297	87.49383684	98.77520964	0.870254586	93.56885975
ERFBAP	0.598973324	100.7745328	97.30269749	0.936688505	93.53789159
ERFBAP	0.662416635	84.04704468	99.20999276	0.909677836	98.28555598
ERFBAP	0.616985695	87.79021526	98.64245339	0.732980568	97.89292848
ERFBAP	0.639699596	91.0789651	98.88223723	0.912795039	93.07795832
ERFBAP	0.689515703	86.86609123	98.28080919	0.88973681	99.13788444
ERFBAP	0.548177932	80.53566385	95.88714385	0.879064562	99.52815017
ERFBAP	0.839238728	86.94089993	97.72513459	0.860574077	93.26742542
ERFBAP	0.529398262	95.7363175	99.9233487	0.936205636	93.54424949
ERFBAP	0.508581139	74.73484701	99.68694033	0.927376323	95.05634153
ERFBAP	0.745811087	86.32969674	95.21586868	0.841356117	99.41120813
ERFBAP	0.709166269	77.99879185	95.82407408	0.900352614	98.76319433
ERFBAP	0.692411982	96.95046629	95.65864387	0.831417163	91.02567963
ERFBAP	0.692834551	69.76813095	98.62989955	0.811019092	93.92730743
ERFBAP	0.628775323	79.41078153	99.08892665	0.848664139	95.5337119
ERFBAP	0.540274563	88.77211875	96.06755683	0.923119674	95.03132473
ERFBAP	0.637580456	100.6552403	97.52926346	0.927656252	91.93863068
ERFBAP	0.562283829	84.34249739	99.20351514	0.905654271	98.58816771
ERFBAP	0.727511973	79.44800473	98.66400772	0.916254789	96.76940783
ERFBAP	0.615294262	103.8115707	97.71118603	0.905808914	98.37908375
ERFBAP	0.54745028	70.519861	97.95173845	0.84792592	98.58764279
ERFBAP	0.597861416	63.01194043	97.54180273	0.901596127	97.48355854
ERFBAP	0.671293145	89.4001445	96.48774226	0.920020476	94.39210601
ERFBAP	0.573627545	79.97945776	97.82510996	0.917714566	96.10546755
ERFBAP	0.54777796	74.78767183	98.44442651	0.939445669	91.60365406
ERFBAP	0.654368721	92.08356447	99.36661458	0.915415192	96.73645417
ERFBAP	0.654496657	87.43800714	98.18145677	0.89757241	91.79253256
ERFBAP	0.579305682	79.35921369	98.80560769	0.933507512	96.93949591
ERFBAP	0.582896169	72.19695601	95.80035817	0.878673937	92.29598161
ERFBAP	0.653204994	93.72457328	97.30778737	0.835906267	91.175513
ERFBAP	0.485191566	91.50201178	95.0466581	0.871846652	91.6528449
ERFBAP	0.489253623	84.00824136	96.23339432	0.842754868	90.01992135
ERFBAP	0.558155578	103.46637	98.63230858	0.846241086	97.18739618
ERFBAP	0.608655285	74.29915234	99.95904976	0.872774066	97.32401049
ERFBAP	0.661090757	69.74474829	95.4958905	0.840379004	95.1493335
ERFBAP	0.777535622	78.0809193	97.00747158	0.864601924	91.61362801
ERFBAP	0.715765962	84.54413984	99.00035484	0.785319267	90.83554338
ERFBAP	0.614006147	87.43339449	96.02017817	0.890664685	90.19128966
ERFBAP	0.628098379	82.58763942	97.77542475	0.880060274	91.65748177
ERFBAP	0.529747064	88.52055397	98.66535648	0.839145568	98.90855535
ERFBAP	0.628148686	72.48460576	98.07992725	0.912962283	92.41536842
ERFBAP	0.601134136	99.43764604	95.94012367	0.926878507	93.54271327
ERFBAP	0.662271856	84.17848822	96.77692284	0.799622007	91.05345484
ERFBAP	0.547276906	96.17295832	98.91895892	0.841863761	92.22361305
ERFBAP	0.681934651	88.42725346	97.77113257	0.841542883	95.19224571
ERFBAP	0.783273891	89.56753219	95.02614807	0.833004845	96.07752683
ERFBAP	0.619123985	90.6976728	98.8049538	0.921473742	92.45352314
ERFBAP	0.670171172	89.4770856	95.17655677	0.870308693	90.57732159
ERFBAP	0.699014399	91.4272276	98.72866891	0.866774258	93.91032869
ERFBAP	0.589877953	98.2915253	96.0124028	0.779806882	92.34203371
ERFBAP	0.652409248	86.9652117	99.7903674	0.911770902	92.19553923
ERFBAP	0.63125924	92.09003758	96.83970376	0.81803708	99.59862803
ERFBAP	0.63976761	84.10264306	96.63465808	0.882996632	96.16300486
ERFBAP	0.552699022	99.40117215	95.74444025	0.893868847	95.56878443
ERFBAP	0.632451017	78.23607698	96.52802108	0.94803293	94.15775104
ERFBAP	0.679799829	103.0094043	99.38325381	0.81455898	94.28944333
ERFBAP	0.775114361	84.59842049	99.98167169	0.729024392	95.40905004
ERFBAP	0.725927083	70.69224898	96.84154765	0.889192477	96.96429807
ERFBAP	0.845318246	86.28104415	97.24305315	0.970025559	97.02146096
ERFBAP	0.553265244	78.18948343	98.61035469	0.941947318	91.71693908
ERFBAP	0.717232064	93.40643549	99.4309789	0.890482971	95.00112752
ERFBAP	0.648334201	78.47376021	97.96522167	0.855418191	94.11958095
ERFBAP	0.848980293	80.53816567	96.95762849	0.92035613	98.70526966
ERFBAP	0.549170171	66.10459269	97.0631092	0.83132269	96.31418921
ERFBAP	0.546027816	80.47693681	98.47809073	0.903817888	95.32504066
ERFBAP	0.570060735	60.76120673	95.01609132	0.905273508	91.15394642
ERFBAP	0.417610428	69.16097177	98.09794669	0.933010495	96.05637889
ERFBAP	0.577424498	92.60414656	96.77746505	1.017983002	91.17203906
ERFBAP	0.554086734	92.85800159	98.97098666	0.899620798	93.37206576
ERFBAP	0.645039379	89.25457562	95.4649532	0.854551819	91.42841965
ERFBAP	0.664175598	75.33023857	97.94101133	0.878721284	96.92073647
ERFBAP	0.817617084	84.52288644	97.40486445	0.791546205	92.06252114
ERFBAP	0.725042384	84.96397461	98.21162763	0.845264343	93.91859373
ERFBAP	0.572309634	73.41635311	95.32426797	0.859535878	98.95674778
ERFBAP	0.540158533	100.033983	97.89991894	0.85379558	92.04316383
ERFBAP	0.679191917	93.77362291	97.80742294	0.887617744	95.07805064
ERFBAP	0.497976679	82.79035826	97.80330047	0.838879003	94.19271661
ERFBAP	0.813145877	85.26885839	98.01743833	0.936051533	90.18124041
ERFBAP	0.747944012	87.08382808	98.38233969	0.880010353	97.92758114
ERFBAP	0.583082435	64.58265132	99.024945	0.879534984	90.69045906
ERFBAP	0.458686547	82.52822617	96.3491036	0.863605264	94.74255021
ERFBAP	0.765387237	78.18015752	99.12524705	0.887759534	95.60678295
ERFBAP	0.618546015	74.9837999	97.49127841	0.921254913	96.28426457
ERFBAP	0.753781631	82.18899707	95.3852914	0.836643489	96.88631629
ERFBAP	0.470557234	102.9768653	95.29275465	0.847094176	92.53272384
ERFBAP	0.570062498	91.40842861	96.67119159	0.864813699	90.09978777
ERFBAP	0.63052437	79.2882101	98.92448489	0.812706454	97.23443662
ERFBAP	0.634698059	90.72582781	98.53840467	0.839037107	95.35656599
ERFBAP	0.584993453	98.99355437	98.94307482	0.856188956	98.36117703
ERFBAP	0.692284993	94.24633683	97.58634528	0.923719459	98.21388363
ERFBAP	0.523237957	85.5963037	97.20099499	0.893128066	98.43326168
ERFBAP	0.615762051	78.53063222	95.73726263	0.889679496	94.8509466
ERFBAP	0.642029563	91.98223314	96.64096377	0.922544898	93.33628396
ERFBAP	0.681443883	88.93485385	97.17009683	0.873131411	97.91558203
ERFBAP	0.701161488	93.9519322	95.44300215	0.899523242	94.51294113
ERFBAP	0.517535791	91.35171802	96.10305976	0.874838912	91.83442196
ERFBAP	0.476588583	95.49552715	97.99112647	0.893268117	98.5497402
ERFBAP	0.757767682	79.64764788	98.67831557	0.850862067	98.82559877
ERFBAP	0.663231401	98.17394066	99.99173756	0.758059142	94.66309756
ERFBAP	0.555151346	86.97599605	99.66556666	0.873286042	90.75699727
ERFBAP	0.785115198	105.7526087	98.212826	0.951137407	93.8782609
ERFBAP	0.641567463	78.10812182	97.10624027	0.92631077	98.03537659
ERFBAP	0.747929718	102.359638	98.18088682	0.928269874	99.01774029
ERFBAP	0.636751848	86.97910783	98.92825809	0.941806536	92.03472742
ERFBAP	0.836074792	78.48581996	95.59168095	0.88443288	90.66973612
ERFBAP	0.805534084	80.16114166	97.04952445	0.889865785	98.77350453
ERFBAP	0.605103585	81.79652692	99.19901143	0.849117405	93.89404939
ERFBAP	0.727157095	89.24165946	96.91916476	0.864196357	95.41760964
ERFBAP	0.694537595	90.22835488	97.85936136	0.910788557	99.68065812
ERFBAP	0.766863156	79.26299996	97.9388468	0.940194222	90.66564728
ERFBAP	0.533507654	84.75645408	95.92238127	0.873027686	96.48318007
ERFBAP	0.698605146	106.4227036	96.81117721	0.857490537	90.74105423
ERFBAP	0.735842449	102.2754317	96.67255644	0.880026398	93.75468928
ERFBAP	0.454126051	89.3632367	95.13098354	0.910060337	98.03814545
ERFBAP	0.511674149	85.38003478	95.12095882	0.807807259	94.33472233
ERFBAP	0.426076782	86.20031327	99.15848522	0.765190952	99.97182354
ERFBAP	0.603059317	91.13517973	96.36535405	0.852473158	95.59059285
ERFBAP	0.701754226	74.77207435	97.59039383	0.818964379	93.21162153
ERFBAP	0.780235705	82.42623463	96.49362787	0.85459299	92.20111326
ERFBAP	0.637409478	68.31415926	99.70339623	0.872610984	93.50520534
ERFBAP	0.792861555	88.99223123	96.29648379	0.85733758	93.72533274
ERFBAP	0.491989854	91.4719594	97.14828406	0.952623377	90.68713678
ERFBAP	0.459661756	80.16813538	99.36365125	0.896337238	93.69574199
ERFBAP	0.62444523	100.7398676	99.20966783	0.895023718	94.6423852
ERFBAP	0.668406545	72.74234337	95.93050709	0.911110357	97.22737752
ERFBAP	0.626730525	70.3562512	99.01321655	0.823058344	96.56729485
ERFBAP	0.42325579	87.24451819	97.29093443	0.931955589	97.08765655
ERFBAP	0.621087996	95.47098303	97.41484436	0.876211786	90.08363682
ERFBAP	0.49955305	101.8392769	95.66739986	0.913524031	92.176674
ERFBAP	0.696967255	80.41115737	95.40300757	0.826407138	96.61684288
ERFBAP	0.666659825	95.78680833	98.63969653	0.802312062	94.83989368
ERFBAP	0.536012021	84.6149153	97.48230576	0.920894483	90.05313476
ERFBAP	0.578613308	83.273727	97.18425351	0.898820476	98.04494642
ERFBAP	0.524078648	93.83659937	98.64754114	0.834897422	97.72809573
ERFBAP	0.62373209	91.52322878	98.82756449	0.836516846	95.48419163
ERFBAP	0.725514232	69.23607843	95.79454084	0.936271739	90.66463326
ERFBAP	0.531427395	99.7654035	98.05112575	0.820529405	97.6651505
ERFBAP	0.680404652	98.80091354	95.67677041	0.962133648	95.83713588
ERFBAP	0.576974238	78.74437298	98.75687543	0.834968963	97.81959977
ERFBAP	0.550712717	88.95803533	98.28477578	0.911919596	97.51746992
ERFBAP	0.619296964	89.94030186	99.78307311	0.863569076	98.03002072
ERFBAP	0.526475768	87.60673766	95.34479008	0.910159372	95.18008066
ERFBAP	0.574635069	79.49694846	95.28527361	0.8527943	91.40324518
ERFBAP	0.510212211	78.28376632	96.41093537	0.871860355	96.71157473
ERFBAP	0.826472513	84.74445929	96.30852842	0.882045959	96.20473785
ERFBAP	0.633526355	96.72729019	96.234894	0.829890627	97.42253187
ERFBAP	0.560027449	90.43600155	99.5312729	0.917041217	91.69881006
ERFBAP	0.651397991	81.29385668	96.247731	0.854339322	91.949752
ERFBAP	0.618767195	92.71698711	96.35974863	0.868570004	98.90409517
ERFBAP	0.60790304	56.51457379	98.79699131	0.830282531	97.49977798
ERFBAP	0.69141667	96.487657	97.24869921	0.751883317	99.08228489
ERFBAP	0.705750771	67.60286221	98.88355278	0.870448612	97.58715321
ERFBAP	0.576949885	81.37559059	95.32683079	1.000630771	95.97155306
ERFBAP	0.572418176	73.80330105	97.43785597	0.919230214	96.54132737
ERFBAP	0.60249483	72.05318524	95.168068	0.879036981	98.89127924
ERFBAP	0.399807884	96.60826787	95.31326602	0.866855459	95.78806755
ERFBAP	0.478480894	80.32298799	99.53218727	0.881123295	96.32391324
ERFBAP	0.766687427	88.46503882	95.69622686	0.907355956	91.56476716
ERFBAP	0.794496771	84.53079421	97.66210341	0.820959359	94.7392122
ERFBAP	0.605096396	89.77040827	97.05547801	0.935716085	97.16397112
ERFBAP	0.687655696	85.76821891	96.73671663	0.915769066	92.70942698
ERFBAP	0.661125015	72.17007776	99.49916673	0.915909286	92.02254181
ERFBAP	0.937888081	94.96266819	95.10911698	0.901923787	93.13826808
ERFBAP	0.741957491	80.06243417	98.31894843	0.880980833	92.41500628
ERFBAP	0.617208241	69.43418101	99.81697217	0.913643062	92.14912637
ERFBAP	0.534445956	80.71884839	97.80084092	0.909590707	94.24850843
ERFBAP	0.469355368	100.0075979	99.68411231	0.862297964	99.07838514
ERFBAP	0.650346364	93.50221742	95.2612894	0.851319911	95.07059647
ERFBAP	0.554364925	81.51347866	97.0939666	0.885092815	91.87920381
ERFBAP	0.487774629	81.50742296	96.30078895	0.957451008	90.76971669
ERFBAP	0.565342712	81.78364949	98.65410482	0.818044646	96.96156145
ERFBAP	0.5218452	105.7674798	99.90648545	0.806623737	93.82798764
ERFBAP	0.798714164	88.81935452	96.28265031	0.888238042	98.21830947
ERFBAP	0.718163976	89.30041647	98.27087301	0.882544385	96.59510769
ERFBAP	0.629202736	95.30283454	95.99048816	0.888667083	97.96241451
ERFBAP	0.777994414	87.38789159	97.82665127	0.89219766	92.71946039
ERFBAP	0.637736831	82.40957854	97.31966243	0.868839887	96.92358922
ERFBAP	0.54387158	83.03650151	99.86002665	0.954493172	92.64061985
ERFBAP	0.782312408	84.28398741	98.04263636	0.799954801	99.39068479
ERFBAP	0.683891004	84.62777763	96.74753186	0.838575149	96.36374282
ERFBAP	0.526275385	92.27629544	95.57047892	0.874837262	93.245118
ERFBAP	0.610966132	85.51945886	95.75623414	0.797840559	92.69511862
ERFBAP	0.542438175	92.32640077	96.12658465	0.87120728	91.90926585
ERFBAP	0.491720027	84.1928342	96.25483331	0.963073508	96.94640959
ERFBAP	0.722617755	85.7863519	99.25308029	0.881044324	92.18715613
ERFBAP	0.820941664	65.01799315	97.80611394	0.891535045	95.95303266
ERFBAP	0.490143243	94.16327675	97.61695456	0.816991762	92.64635027
ERFBAP	0.686296924	88.46488476	95.57384436	0.84918193	96.61968945
ERFBAP	0.564935743	94.9801011	99.30069847	0.861240181	98.14939729
ERFBAP	0.581287462	56.03744622	98.61407152	0.864114245	97.78025243
ERFBAP	0.570760608	105.883747	95.33834181	0.94408219	97.60851331
ERFBAP	0.543600923	83.60410372	98.53917549	0.907884553	91.87722406
ERFBAP	0.634852163	96.08182817	97.71769109	0.824427102	90.88384947
ERFBAP	0.546904988	74.60094073	95.40862673	0.892325239	96.98948828
ERFBAP	0.657045683	91.12773905	97.29150321	0.904911087	93.68347214
ERFBAP	0.624976189	74.46584437	97.42348144	0.937007452	94.32346226
ERFBAP	0.606105195	78.76231039	95.8288727	0.959027034	90.31149093
ERFBAP	0.539243634	104.1403135	99.72849074	0.82924529	92.59576449
ERFBAP	0.572322867	83.09317599	99.24987686	0.839457124	90.33676404
ERFBAP	0.705539123	87.17432873	98.34511169	0.817121107	98.79185773
ERFBAP	0.680091719	93.70067731	97.31147781	0.868299007	92.43396683
ERFBAP	0.532244476	89.95681888	97.05882771	0.903317919	95.5733717
ERFBAP	0.639933231	86.50418905	98.25486734	0.929366726	90.38979321
ERFBAP	0.705138712	88.64961002	97.72715935	0.876202449	96.66847391
ERFBAP	0.463059472	109.0341559	95.31136553	0.864007624	93.23027346
ERFBAP	0.684336019	84.42381203	97.56251324	0.8875879	98.97919187
ERFBAP	0.563737624	87.01099047	99.03201809	0.838242855	98.88118189
ERFBAP	0.687059867	95.50654396	97.29619939	0.984476936	93.25290618
ERFBAP	0.553674084	96.05525933	95.25978289	0.799616949	99.00960896
ERFBAP	0.44951179	96.87030306	98.931391	0.889237029	99.96157673
ERFBAP	0.467245756	91.38730222	96.00681891	0.981180311	98.25415664
ERFBAP	0.634808495	73.56995087	96.29310417	0.880339992	98.44871348
ERFBAP	0.65597225	101.3343153	95.82353177	0.870498048	92.49008736
ERFBAP	0.539568337	73.53654607	96.65107532	0.862127729	95.76702399
ERFBAP	0.693859246	88.02635465	98.78375753	0.870980416	90.67255914
ERFBAP	0.463847994	77.4572415	97.5969293	0.948642424	90.94917937
ERFBAP	0.62339202	84.35861653	96.02440637	0.769406904	99.98892612
ERFBAP	0.50889838	88.2876241	99.38915039	0.956671685	93.26639249
ERFBAP	0.564816389	88.21357215	99.39790927	0.808802142	97.48183912
ERFBAP	0.634739867	89.21920754	99.35289213	0.866667384	98.06665053
ERFBAP	0.543958663	101.1371127	96.19398106	0.858537779	98.58023271
ERFBAP	0.591544446	89.53534302	97.25619672	0.909427663	99.97628297
ERFBAP	0.730629281	82.55843365	99.92494828	0.800093782	92.41496485
ERFBAP	0.572310813	94.64087168	98.86006238	0.903108633	90.40350827
ERFBAP	0.713569211	96.89470489	95.13583711	0.981215481	94.11191518
ERFBAP	0.517029315	72.72392185	95.32602296	0.8118413	91.3008067
ERFBAP	0.682980418	90.9740007	97.31965688	0.889485308	90.22425889
ERFBAP	0.774156862	92.01172742	99.54610103	0.846900891	93.60426827
ERFBAP	0.38283555	82.02436497	97.69350899	0.90129436	97.83738251
ERFBAP	0.550310474	98.75706813	97.48906254	0.880957389	95.66180691
ERFBAP	0.687707213	83.49944413	95.5273685	0.847925655	93.12777989
ERFBAP	0.609695461	86.25576453	98.28390052	0.904393614	96.54342005
ERFBAP	0.667114587	83.26928176	99.1105158	0.970217405	92.3201818
ERFBAP	0.569601481	85.15579048	96.90210004	0.87045481	90.14381446
ERFBAP	0.638658979	74.03724913	98.87805925	0.915987897	97.64353386
ERFBAP	0.614432276	70.59949117	99.82238327	0.815336352	96.23743085
ERFBAP	0.746778206	100.9450506	96.0188323	0.832178181	97.62302625
ERFBAP	0.655442084	76.53038652	97.61664816	0.903620314	90.38938017
ERFBAP	0.663760266	75.08607651	96.43568979	0.954205801	98.37119628
ERFBAP	0.588812303	63.46609886	98.9642721	0.897780667	96.195262
ERFBAP	0.581239378	78.61038252	97.88796683	0.864347098	95.63395351
ERFBAP	0.586744181	71.76910207	98.17291209	0.87996457	96.24614048
ERFBAP	0.669445214	101.4201516	98.9895708	0.817479613	98.64433247
ERFBAP	0.587901552	95.09817089	96.97985236	0.910225766	95.86936507
ERFBAP	0.658977486	78.11849655	99.57545034	0.924116653	95.8095038
ERFBAP	0.83754008	107.5243581	97.66514434	0.857395483	99.90679157
ERFBAP	0.71711247	94.81765487	95.78977411	0.856497893	97.56730167
ERFBAP	0.597397647	81.75168616	98.47949559	0.893293911	94.42293805
ERFBAP	0.750121392	60.00594285	98.96630675	0.858164013	97.07397
ERFBAP	0.589192463	107.9094257	96.58380839	0.876693369	93.89230472
ERFBAP	0.426187546	71.10427533	99.28589628	0.984986089	92.28875462
ERFBAP	0.529191369	68.54601253	99.53071627	0.867648715	95.96851877
ERFBAP	0.442920808	95.22570432	96.38452244	0.862082992	99.28182098
ERFBAP	0.594848652	109.3975241	99.91760736	0.84762291	99.2913952
ERFBAP	0.631841838	98.84272819	95.70355764	0.917209599	93.41905278
ERFBAP	0.797643731	90.6390912	96.01007834	0.870938791	95.27677466
ERFBAP	0.662692737	90.94754342	95.9211242	0.847531348	92.11635899
ERFBAP	0.608089947	93.53415559	99.46994855	0.946065202	99.95631109
ERFBAP	0.712940558	92.5892859	98.27146276	0.95098015	99.81117908
ERFBAP	0.408886469	87.81191424	95.76052142	0.849978822	96.4950893
ERFBAP	0.653561456	86.04201104	97.20161709	0.786673002	98.0441406
ERFBAP	0.707086519	84.37406872	98.07649013	0.930375684	97.15100161
ERFBAP	0.482141375	77.46035411	95.41732042	0.845768509	95.93158219
ERFBAP	0.744375404	82.19324923	99.41208184	0.91953128	90.53347997
ERFBAP	0.663849641	68.07043186	99.01801768	0.781494809	94.54764343
ERFBAP	0.588471209	84.01660373	97.52603387	0.924629867	96.74786302
ERFBAP	0.693278187	75.11408893	99.83563308	0.819441404	96.77531614
ERFBAP	0.857069286	73.96410683	97.0888049	0.916538206	93.73122618
ERFBAP	0.648186626	86.79894151	99.9205516	0.880713653	99.41691987
ERFBAP	0.654822059	98.92002286	98.33959999	0.832303029	91.67357032
ERFBAP	0.58406391	94.18316606	98.17335637	0.859648184	95.00359446
ERFBAP	0.545015563	69.29499396	95.82977448	0.914315923	96.90883977
ERFBAP	0.713033582	75.10371863	99.40963879	0.885294723	96.97135806
ERFBAP	0.544391617	94.40771188	97.13744844	0.909220649	96.48638957
ERFBAP	0.637156624	75.17512606	95.81116703	0.978822029	92.75288213
ERFBAP	0.582234255	82.7536685	95.0630376	0.801787919	91.56206569
ERFBAP	0.677897983	90.50052099	97.79877842	0.960860629	96.35940327
ERFBAP	0.663366211	75.31655545	97.63699811	0.885217797	95.99302116
ERFBAP	0.733753994	86.05375506	98.59676811	0.835060798	91.7935601
ERFBAP	0.57899836	71.65974505	99.45129027	0.813484319	97.05139146
LCLB	0.408706111	243.7065743	85.00471708	0.938450205	82.4312453
LCLB	0.15690291	206.8140532	85.19632526	1.024401658	87.44750732
LCLB	0.176486222	253.8475847	89.88641912	0.99123779	81.68236579
LCLB	0.244233783	238.6110683	86.21176848	1.059281747	81.89934744
LCLB	0.365416042	250.9939197	88.31655355	0.991934304	84.60712171
LCLB	0.295397598	209.8680838	89.19549849	0.973053998	82.86279862
LCLB	0.25148655	209.5126377	87.7533023	1.037863596	82.47462981
LCLB	0.256328853	227.7654604	85.7657225	1.061331842	86.45237645
LCLB	0.214351467	237.5417664	88.64058219	0.953215836	86.50971745
LCLB	0.265813951	256.9454123	88.00125705	0.995724703	88.2451707
LCLB	-0.042956008	240.5911837	88.65625295	0.925909156	84.17708567
LCLB	0.180339254	226.3597808	88.84873311	0.825135729	80.73085091
LCLB	0.234132193	214.6044619	89.87705184	1.014032174	82.73666385
LCLB	0.094898592	248.4500086	87.8678164	1.042623375	89.80005463
LCLB	0.248632332	215.5294186	86.70820556	1.018344677	85.96258575
LCLB	0.189552878	254.4270283	88.24232278	0.86353068	87.09737085
LCLB	0.38554757	225.7342303	85.34220355	0.97544054	80.0735783
LCLB	0.367301973	253.8587311	89.48698659	0.844715657	85.18205732
LCLB	0.163419443	240.1839694	85.59690506	1.095879078	80.37528658
LCLB	0.194916229	227.9450677	86.63921419	0.923976179	85.69230212
LCLB	0.202605243	222.2090544	89.0787269	1.087878253	89.2077085
LCLB	0.164834052	224.8863818	87.98656189	1.066210875	89.68419131
LCLB	0.229502498	236.4247504	86.9681776	0.936958675	85.40552675
LCLB	0.134171793	231.1573474	87.3671783	0.920705053	84.58204805
LCLB	0.096938467	221.0928289	89.27273697	1.024525915	89.45017094
LCLB	0.272271122	227.5155288	86.70002193	0.940897317	86.73609832
LCLB	0.272952958	231.1786554	89.34824842	1.007173925	80.6489928
LCLB	0.129568424	198.0689886	85.44067215	0.966202069	84.65725578
LCLB	0.299535543	236.8725217	88.88399219	0.875318911	82.40245018
LCLB	0.146842227	215.3041816	89.23773817	0.843867239	84.69804321
LCLB	0.235316524	212.700014	85.90908826	1.015867897	84.55465572
LCLB	0.292034401	204.6898348	87.15173266	0.960690958	85.82144803
LCLB	0.206638744	203.0916125	85.82749887	0.961283713	83.5677049
LCLB	0.255474091	209.6682875	88.53302064	1.048710469	81.64270449
LCLB	0.158357036	219.3646856	87.67673884	1.082140959	85.03719435
LCLB	0.190353342	259.2988871	88.17661673	0.98092187	88.30202884
LCLB	0.189414057	222.1118049	85.98243483	0.976158091	86.64012228
LCLB	0.135342165	232.6662516	86.05872931	1.035010012	83.38367866
LCLB	0.192322584	236.0072208	85.20748663	0.90501451	89.35523023
LCLB	0.05513817	231.9659778	86.61033768	1.015620714	89.12207571
LCLB	0.160884625	228.8383481	87.79872331	1.038632018	82.09348399
LCLB	0.181512451	212.0705935	89.28967457	1.047616115	80.39417585
LCLB	0.184382025	251.7639132	88.33463724	0.864427311	87.41308708
LCLB	0.185850255	257.1079497	87.17698162	0.946705131	88.27610261
LCLB	0.20382358	204.7601196	89.76560057	0.938521572	89.67864566
LCLB	0.257944152	214.6395711	88.596226	1.006992087	88.89836394
LCLB	0.297451707	225.8028449	89.65082601	1.033652121	86.00534768
LCLB	0.145023477	215.5319331	87.63793987	1.104769729	85.30052339
LCLB	0.089679914	237.5894833	86.29452137	0.965352416	80.27841051
LCLB	0.105795559	219.075917	85.26413343	0.965169925	82.46656447
LCLB	0.161279708	262.475841	88.63042426	1.080477041	84.59614752
LCLB	0.174807868	247.8582289	85.60651499	1.020760386	86.285039
LCLB	0.133000393	233.1886105	86.51387564	1.088735606	85.57251833
LCLB	0.080388334	245.4047939	87.66235454	1.02021096	87.4263599
LCLB	0.164387917	246.5885064	87.82208294	0.919001837	82.79766931
LCLB	0.228142662	221.5407877	88.00291598	0.906681015	85.64952608
LCLB	0.269502947	217.7567413	85.83127665	0.891394143	80.88142243
LCLB	0.154257695	231.1721459	86.89868702	1.046343628	84.13665524
LCLB	0.168700218	242.9245419	88.08597114	1.083201778	87.50160833
LCLB	0.117330169	232.085906	89.84909432	1.12945535	86.93400853
LCLB	0.206856083	206.3450528	88.63815569	1.059017373	89.90642737
LCLB	0.125157137	217.9576333	89.61301879	1.0813987	82.77891126
LCLB	0.267312781	228.890407	88.81106029	0.959398857	84.98189299
LCLB	0.031413351	228.8650159	87.95858484	0.919050893	83.29530414
LCLB	0.174037033	259.5881327	85.96011685	1.059505553	84.40603114
LCLB	0.240110734	209.2101809	88.33342826	1.029237653	88.5695013
LCLB	0.228383452	237.5838386	88.11689783	1.007521106	86.84209075
LCLB	0.479303366	252.3366966	88.01234585	1.027116004	88.82441191
LCLB	0.244980002	264.0717462	87.44892934	1.022622984	82.03511108
LCLB	0.10959454	223.9340387	87.64328302	1.08986718	88.73361118
LCLB	0.200453575	237.3714418	86.67221264	1.090648991	80.59762274
LCLB	0.032375367	238.5464054	87.59656346	1.038095425	88.8859928
LCLB	0.201940025	232.932226	85.98777953	1.059206201	83.29073779
LCLB	0.126694394	228.517322	89.02587199	1.035984379	83.14587633
LCLB	0.301539028	236.5396308	85.92888477	0.967718119	85.12088577
LCLB	0.155045973	192.0163087	85.42483145	1.052959527	89.40690188
LCLB	0.198323408	240.2310424	87.18123013	0.902385345	80.47781365
LCLB	0.146444216	231.8926686	88.2915372	1.073772409	83.52230975
LCLB	0.383885135	226.6628765	87.18858412	0.916383394	88.56571989
LCLB	0.177875723	260.7029329	86.38377066	1.02000623	83.96054477
LCLB	0.393255704	219.8759897	87.79085592	0.940839223	81.99156898
LCLB	0.291415176	223.9538602	86.73501168	1.038737229	84.24794181
LCLB	0.258206673	259.8732995	89.66433845	0.997625234	83.85552501
LCLB	0.246873315	217.5190804	89.6132257	0.888367083	89.15416201
LCLB	0.24937973	221.7482708	87.5118591	1.029448974	87.61934376
LCLB	0.017232742	227.7946186	86.63941997	0.959545546	85.05115556
LCLB	0.182111661	242.6110172	88.68566207	1.06168027	89.88370567
LCLB	0.294515797	233.1170376	85.18356472	1.000092798	84.65277531
LCLB	0.205110282	210.6106198	87.37384503	1.027679469	80.58237831
LCLB	0.069481015	222.0174716	86.68161697	0.932970173	82.62274322
LCLB	0.204759555	220.8896835	89.60267943	0.958746744	84.3607048
LCLB	0.380410552	228.8416843	85.06001514	0.967895295	81.56902624
LCLB	0.334689172	236.3876549	87.76407438	1.059969174	89.47565126
LCLB	0.203799599	236.2730863	88.70331791	1.117416396	87.66848898
LCLB	0.305144928	203.3598237	87.42508994	0.943637977	82.682872
LCLB	0.173349298	245.9591148	85.42701515	1.07537937	85.90804534
LCLB	0.039612841	233.7885327	89.86230695	0.848122581	87.21449157
LCLB	0.117553401	250.7679807	87.59005216	0.916406742	89.41278929
LCLB	0.366288877	236.6629749	88.07093122	0.932885508	88.81635349
LCLB	0.182600692	246.5198444	86.18304891	0.905324392	85.15192226
LCLB	0.185661602	236.9981797	87.41749043	0.889148813	87.7465262
LCLB	0.18001618	250.1933863	87.14574746	1.028909924	85.62144754
LCLB	0.400413659	237.8337595	85.37447921	0.985015261	85.5270389
LCLB	0.372595892	228.5312713	85.53080177	1.026558378	81.14741958
LCLB	0.431878023	264.0865208	89.1873626	1.048333088	81.26137658
LCLB	0.194095479	243.3355568	86.19909976	1.01859319	85.29533615
LCLB	0.239562449	238.6061663	85.97479136	1.046043422	82.68861545
LCLB	0.058335745	210.8554338	87.52455726	0.99513274	80.21036902
LCLB	0.357693443	210.6753857	88.84373566	0.916910463	87.22839204
LCLB	0.093222045	234.3907322	85.30973259	1.074046993	80.32486597
LCLB	0.231677556	232.182818	87.8840396	0.958762151	85.95276841
LCLB	0.100269747	220.7881615	85.59605221	0.934508259	85.39193794
LCLB	0.151113317	232.1147405	85.18230525	0.987545749	89.68814691
LCLB	0.126273757	253.8294039	85.26371976	0.936103236	84.84213139
LCLB	0.149212474	240.4310371	89.17082054	0.970779873	80.63601436
LCLB	0.15608773	212.8848724	85.58986242	1.024083775	85.51687968
LCLB	0.155173121	228.3273676	85.22575682	1.024383922	88.41096171
LCLB	0.293333391	217.9255028	87.18949944	0.937151895	89.96849284
LCLB	0.099513721	224.1845013	89.21996736	0.965860624	84.30343174
LCLB	0.232054143	223.795765	86.31204188	1.07520331	83.20298742
LCLB	0.331795915	222.8353163	87.10856309	1.034748008	89.06653297
LCLB	0.158680364	211.1729694	85.19961266	1.145254553	81.91242129
LCLB	0.138208111	228.0851798	87.24539257	1.082608972	86.15428915
LCLB	0.186947537	221.5908854	87.8880654	1.080100515	84.05714424
LCLB	0.327972521	186.0582696	87.85453527	0.902849201	80.41082365
LCLB	0.229410763	260.7945804	86.66213346	1.053470225	83.47288474
LCLB	0.156878571	246.3315448	86.5776659	0.996282524	82.65228523
LCLB	0.258387665	224.3554891	85.53311809	0.961431274	86.86091154
LCLB	0.099770785	230.2822857	86.8339916	1.011761074	89.48790498
LCLB	0.278135951	212.4251848	85.49747334	1.066164807	82.68047187
LCLB	0.250860731	255.4358432	88.83297972	1.035058211	88.11465939
LCLB	0.179219153	258.4593304	89.83137149	0.938506834	80.55359817
LCLB	0.12614142	232.3504059	89.85037228	1.051972124	85.3812101
LCLB	0.121331908	245.3529597	89.3253555	0.955368872	80.70550064
LCLB	0.263481734	232.6293017	88.00396075	1.015167818	89.34032991
LCLB	0.33289805	209.9491184	88.50432849	0.978765495	87.66351281
LCLB	0.146269225	223.8226495	86.42602901	0.984679362	86.57949911
LCLB	0.25583867	231.9789195	88.1538521	1.053637008	88.23896382
LCLB	0.001297298	223.1817842	87.27824775	0.92718644	86.47519796
LCLB	0.151538227	226.7202008	87.4100867	1.136163655	89.68944397
LCLB	0.206894107	228.6290066	88.7888828	0.872523975	87.13957948
LCLB	0.119031658	228.7868225	86.40959178	0.958163262	89.2465861
LCLB	0.116349363	230.7838774	86.59019806	1.025914832	85.17131892
LCLB	0.143222044	214.090924	89.62320896	1.040901992	81.17064413
LCLB	0.239219273	219.2447578	85.28112147	0.9929667	85.28177721
LCLB	0.191267098	210.731236	87.42817149	0.995982651	81.26872828
LCLB	-0.013823123	244.6672332	89.564004	1.028738506	85.92493479
LCLB	-0.002070015	198.4152959	88.05181504	0.983825137	84.82493061
LCLB	0.149313482	247.3038551	87.73203537	1.097522688	86.22575398
LCLB	0.255768659	250.795241	86.2487209	1.058754438	80.10046981
LCLB	-0.064750484	225.4672912	86.71637745	1.061097705	81.94840492
LCLB	0.160026982	190.9529437	89.26024208	0.932369029	84.91330432
LCLB	0.157375214	224.5803416	87.79609066	0.99444281	89.50503562
LCLB	0.348833778	229.0372376	87.57371097	0.978967384	83.8360904
LCLB	0.171497819	214.8410267	85.49789857	0.929607904	84.24372026
LCLB	0.248298898	222.2717241	85.08014078	1.025211493	87.14696089
LCLB	0.224125714	252.952928	89.81842594	0.962364797	86.03792757
LCLB	-0.003056648	239.9739074	86.88493084	1.045878268	82.9892615
LCLB	0.286820722	216.1315383	88.01606531	0.925086591	84.10816396
LCLB	0.231539651	206.0360125	85.39857537	1.120332843	82.17699799
LCLB	0.260826864	225.0947402	88.41557143	0.937256714	89.66021459
LCLB	0.602623771	226.7981483	89.66283354	1.015351164	81.30634382
LCLB	0.001588706	237.4429878	87.87832626	1.055430152	83.71836785
LCLB	0.382469665	221.9702493	85.63057661	0.96005517	80.25838972
LCLB	0.181255248	237.6724936	87.90860764	1.059672805	82.21779492
LCLB	0.23873289	259.0273106	88.83173607	0.913957148	87.80471138
LCLB	0.205448775	242.2325153	87.03208268	1.101648239	82.01175232
LCLB	0.167576367	229.2786724	89.39918874	1.000990449	80.80063403
LCLB	0.153016707	227.2527429	88.24341477	0.958251201	84.7445318
LCLB	0.242950874	224.649903	89.49624459	0.979057276	80.09969235
LCLB	0.05828263	247.7096137	88.11752656	1.056624349	80.84766154
LCLB	0.285057917	220.5902983	85.65643986	0.95908813	88.0762587
LCLB	0.16838056	230.6783406	86.54845856	0.947544962	87.71473345
LCLB	0.096993066	230.7679685	86.00897474	0.984492438	89.1513882
LCLB	0.164998714	222.4732371	89.54413249	0.917612652	88.54515436
LCLB	0.335714922	209.4130168	88.80200034	1.127438074	86.83175563
LCLB	0.156466491	234.8446176	88.38199184	0.960352379	80.52332857
LCLB	0.245845362	229.0849404	86.5048316	1.058213175	87.82848618
LCLB	0.136904372	237.503607	85.92022386	1.014662906	88.45510811
LCLB	0.285792185	221.9959954	88.78225544	0.931082616	87.99082146
LCLB	0.278550774	248.3123195	87.37078973	0.99958317	85.08479035
LCLB	0.394860883	216.8483933	86.12894776	1.054880195	82.32901839
LCLB	0.192443605	255.6806043	88.08310989	0.986821707	88.45329976
LCLB	0.27686548	203.7854524	85.20166926	1.083517906	87.2716281
LCLB	0.219806754	236.521551	86.63085127	1.071506077	89.80761174
LCLB	0.339587178	237.1314602	87.34278497	1.06432404	81.55692598
LCLB	0.138116761	218.066644	85.73979167	0.967824026	82.25664583
LCLB	0.284500531	236.3659091	89.92327239	0.924411029	82.1179815
LCLB	0.19053027	249.19278	86.04548682	0.957048868	87.92539768
LCLB	0.203581182	196.7477174	85.65176565	1.013736866	81.86907296
LCLB	0.219175248	237.5411721	86.01767437	1.03820507	80.6665983
LCLB	0.23522404	192.6009377	88.84530567	0.847990002	89.98560807
LCLB	0.198377096	215.5150279	87.1275283	0.999432076	80.24817211
LCLB	0.231471318	254.4374955	87.8270797	1.011066246	88.3524406
LCLB	0.367811806	221.2732695	85.10504578	0.980571902	83.65366842
LCLB	0.308544969	212.3918005	85.17215654	1.090389169	88.4161546
LCLB	0.296915459	227.0309341	87.22912775	1.029524605	85.54620491
LCLB	0.164446047	261.0185951	89.08327622	1.091713434	89.01631229
LCLB	0.121075917	202.5247663	89.42619439	0.984882764	89.26192986
LCLB	0.305530056	214.2303513	85.43353284	1.065623424	80.09098181
LCLB	0.297604679	252.4614752	87.69181551	1.114454648	80.75412176
LCLB	0.357267068	257.8655352	89.56614843	1.091818541	82.5035873
LCLB	0.149601937	228.4485316	86.93986377	0.923550088	86.69315416
LCLB	0.187045134	211.4142095	89.14782916	0.982242675	88.88272197
LCLB	0.046051584	261.4376525	85.66847827	0.975838471	84.59941951
LCLB	0.170752889	253.9166359	89.67697245	1.034247817	86.06973116
LCLB	0.309657051	240.1842048	88.75711659	1.048044749	81.88499853
LCLB	0.163350462	217.8139648	89.70667196	0.941277513	88.04966834
LCLB	0.27404798	229.2645599	88.38308617	1.004748696	89.67328111
LCLB	0.190949689	227.5945988	86.81701966	0.858605087	82.68598933
LCLB	0.242405703	234.9627696	89.69090586	1.10093615	84.94825952
LCLB	0.095230861	251.7650216	86.37783388	0.964133803	80.86116111
LCLB	0.218520945	243.1912556	86.66086261	1.003910476	85.59136656
LCLB	-0.089113597	213.8393588	88.50404209	0.97832452	85.02783442
LCLB	0.191310384	250.6474468	88.8265815	1.08022193	81.44436484
LCLB	0.046952676	234.6969821	89.64701742	0.801374549	84.42066213
LCLB	0.330599452	240.3059869	86.02401205	0.998837276	83.34104652
LCLB	0.287740735	251.9981129	88.98999018	0.992592687	85.21830875
LCLB	0.256667098	213.3262963	88.69273027	0.968245453	85.85654335
LCLB	0.362100623	229.4626163	85.31897278	1.120835858	80.08495579
LCLB	0.115108348	222.0281817	86.93611571	0.937886938	87.61005983
LCLB	0.38473632	206.4821086	86.41382729	1.054025732	87.13014292
LCLB	0.303219156	235.2006497	86.52245212	1.024937695	83.66286386
LCLB	0.186344471	267.6733483	89.9147344	1.088306348	80.52935936
LCLB	0.323562015	202.3988338	88.21388707	0.953296764	87.5493254
LCLB	0.099370649	229.5157908	88.58838079	0.948692177	89.5517516
LCLB	0.127548584	239.608144	89.88308819	1.076724894	82.40151596
LCLB	0.149141028	231.846173	86.88600891	1.029772492	83.23524614
LCLB	0.157102229	228.3030792	89.00920084	0.891854386	81.83812889
LCLB	0.104344236	210.5117545	87.17265482	0.962248649	85.76936123
LCLB	0.332308307	233.4918011	89.34766836	1.027046786	81.54841395
LCLB	0.18411456	218.6485403	85.90328771	1.058643496	83.56193943
LCLB	0.245250497	197.1511744	89.73843089	0.952453854	86.97013014
LCLB	0.152964863	247.9188833	86.09385854	0.796002081	85.60115983
LCLB	0.02793967	244.3757873	86.63110253	1.036625623	83.86462564
LCLB	0.237005736	230.7749147	88.78096117	0.914577552	84.20249602
LCLB	0.018774502	233.4361203	86.96877571	0.858786284	85.62110883
LCLB	0.203136595	246.1147702	88.04105688	0.801737185	80.05864728
LCLB	0.073168496	233.3650949	87.22286751	1.05697866	80.78509868
LCLB	0.4087276	243.5602633	88.71184969	1.009003222	88.81258068
LCLB	0.301136272	225.537767	86.14165626	0.984204053	80.77878989
LCLB	0.220575379	249.6797561	85.29228994	1.097231705	87.06803596
LCLB	0.336370668	234.8117859	86.49964699	1.044612728	89.20038164
LCLB	0.125368402	232.9107792	87.37154332	1.113141003	82.70683604
LCLB	0.264347938	210.9490837	85.84010026	0.902508517	83.70491437
LCLB	0.229981043	234.3043378	86.77398645	0.997581456	85.68921406
LCLB	0.236402008	217.5206762	86.99991509	0.886830064	88.8170897
LCLB	0.33723535	220.4257591	85.28695922	0.983943237	89.41905587
LCLB	0.28324921	217.7693656	87.91653624	0.98259689	87.39563248
LCLB	0.238872366	214.006476	89.42171714	1.043862955	80.86619761
LCLB	0.044511256	261.871571	85.75871456	1.003189472	86.69154156
LCLB	0.11399537	249.9700859	87.98904007	1.0436385	84.10303722
LCLB	0.197729107	258.8055125	88.32369602	1.049240809	84.70700999
LCLB	0.219337237	211.6565747	87.0966734	1.150845007	80.4914839
LCLB	0.096979628	231.0688062	88.50548794	0.977929234	81.91062139
LCLB	0.451167668	210.5973856	87.05365772	0.934128411	87.90513608
LCLB	0.361639406	219.5645768	87.52318644	1.017225853	84.53958833
LCLB	0.270211832	216.2280952	85.03676522	0.943840398	83.01662242
LCLB	0.217203686	248.5937601	88.45860057	1.103737254	83.84019074
LCLB	0.188779103	224.0565548	88.30671339	0.980174737	88.54399513
LCLB	0.114808154	246.02569	85.19200439	0.960409654	87.48999017
LCLB	0.217748052	239.0618133	86.84125054	0.9670079	82.72315397
LCLB	0.235775254	264.5545813	89.8951592	1.05028922	81.1750184
LCLB	0.085823942	207.8083367	87.10368281	0.988957711	82.51998222
LCLB	0.243417642	248.8884986	87.50972703	0.955083323	89.20756451
LCLB	0.194474095	247.1966131	89.54965079	1.116574634	85.81588838
LCLB	0.019219244	215.3993174	88.58630938	0.940068111	85.33480209
LCLB	0.123961499	245.107	87.91035066	1.002489625	85.963936
LCLB	0.168639447	235.0421744	88.98902341	1.045661431	83.66028266
LCLB	0.398768766	226.5878561	89.32183133	0.885806542	88.0710702
LCLB	0.265655312	217.6409677	87.28444036	1.033618235	85.23286249
LCLB	0.076451843	219.2133582	87.37554182	0.926142463	81.16747903
LCLB	0.258603629	260.7471814	86.93025468	1.057594795	81.29065125
LCLB	0.055269601	230.0102423	89.8335307	0.932614429	85.36859147
LCLB	0.318269105	241.73195	88.48583127	1.048493832	89.36570218
LCLB	0.162887535	218.1365093	85.41611533	1.077408315	83.08352122
LCLB	0.200636381	218.3022058	89.31479812	1.060300557	88.69541169
LCLB	0.342579665	246.2297721	87.4027997	1.017592165	87.64095587
LCLB	0.081283643	209.7563568	85.34376953	0.983808934	82.47812443
LCLB	0.070288181	223.7717935	87.74858628	0.95965063	80.36340748
LCLB	0.151640067	230.5104112	87.08582139	1.102972428	81.01847265
LCLB	0.313837885	231.670589	89.38874702	0.951035335	87.28493934
LCLB	0.058065392	227.3136007	86.01997302	0.927405375	81.99669738
LCLB	-0.07321556	235.9372967	89.13232305	1.046575825	83.71270921
LCLB	0.164884114	240.3928363	87.78844346	0.944270424	85.01699166
LCLB	0.26517408	241.0195632	85.27305152	0.933495555	87.25468168
LCLB	0.330026175	215.2129429	89.85922651	0.898947702	81.13231223
LCLB	0.163683864	225.7376735	87.56307622	0.966196311	84.06366405
LCLB	0.168857339	247.9214429	86.45438427	0.994209948	84.85072909
LCLB	0.325390073	243.4197078	87.34703421	1.017016421	85.40827064
LCLB	0.02302583	209.4071082	89.28928892	1.066591437	88.18360641
LCLB	0.171147922	235.2721985	86.52451562	1.036882855	81.71678195
LCLB	0.229042389	200.3266213	85.96338198	0.986638945	88.07831452
LCLB	0.254921872	230.7040235	85.64535623	0.986126303	86.92878428
LCLB	0.159019331	258.4665053	86.48929699	1.035711023	85.55870814
LCLB	0.213444101	215.7816092	88.90024044	1.089079911	86.9952787
LCLB	-0.038832735	217.4851543	87.35813183	1.008841994	84.12017739
LCLB	0.144175159	241.4604467	86.13740802	0.96716084	81.38397586
LCLB	0.255350871	206.8579773	85.830925	0.93049938	86.6576524
LCLB	0.111770597	220.5086746	86.66364738	0.898835631	85.24672307
LCLB	0.215898422	238.9466171	89.69962186	1.046638877	86.39374801
LCLB	0.25468725	220.4857123	86.71513356	1.040458497	83.37998781
LCLB	0.17574508	226.4604502	89.94062038	1.040415447	89.06866577
LCLB	0.227046377	241.1627857	87.42615228	0.990993839	85.87369869
LCLB	0.113726743	236.3231913	85.89581959	1.098485432	80.85402484
LCLB	0.189338872	234.0022759	89.45570046	0.966111705	84.49803991
LCLB	0.271021617	224.9131658	87.30177687	1.066868847	87.56356055
LCLB	0.225697296	235.5509167	88.54835672	0.997287997	87.94134562
LCLB	0.151346873	228.1440098	89.91855792	0.957415446	84.94597053
LCLB	0.23242164	236.8670841	85.25087675	1.041477122	88.94747571
LCLB	0.281460979	222.5460196	85.4834728	1.028674528	82.67668437
LCLB	0.005005872	227.2614654	88.60228371	1.024988093	84.10598697
LCLB	0.325907406	215.1506331	86.40912502	1.00568949	88.98596911
LCLB	0.176374526	229.4748858	85.92150698	0.997347484	88.96256716
LCLB	0.252548993	217.834987	85.1968094	1.16718604	86.85712769
LCLB	0.329724692	213.2893032	85.10923356	1.082897965	88.58980547
LCLB	0.07283263	233.8799172	88.87242802	1.050597883	80.88773267
LCLB	0.1390559	233.1910966	85.67216714	1.007825941	88.64994976
LCLB	0.18114513	241.743106	87.33860308	1.070501004	83.20619907
LCLB	0.131624648	223.5331165	88.02948408	1.036259634	81.78331512
LCLB	0.383493658	236.1207927	87.141759	1.001834333	82.39369836
LCLB	0.124322791	238.2619636	85.13553326	0.978750497	84.17968508
LCLB	0.154445322	236.6716071	88.91750751	0.994335786	82.51192005
LCLB	0.230438903	217.6151948	85.05256612	0.778070198	83.20567586
LCLB	0.089785047	232.2404522	88.80944947	1.014742059	81.34978486
LCLB	0.170431929	235.4621044	89.46652247	0.965806674	82.96176766
LCLB	0.241745326	230.107677	87.16419961	1.1114869	85.72283815
LCLB	0.17671396	198.7028351	87.67771237	1.001354085	84.41853708
LCLB	0.200661314	232.4073444	87.38491696	0.916772561	83.46718761
LCLB	0.157066789	263.1879656	86.94604309	0.996508389	87.46452129
LCLB	0.058552969	224.599411	89.43712268	0.926771524	88.93509971
LCLB	0.242159321	219.0788435	89.46966755	1.033138519	87.56789223
LCLB	0.385493307	235.6002284	86.67908182	1.020366316	83.32000702
LCLB	0.211840163	234.6856732	88.07534877	1.067048774	87.44442168
LCLB	0.232526412	247.8910275	89.63453781	0.944638275	81.51980182
LCLB	0.279272276	211.1319777	89.81029249	1.002380567	81.30317988
LCLB	0.08306695	240.9707038	87.5447952	0.904448474	83.45627037
LCLB	0.380251466	238.8563309	87.26412403	1.049104635	88.07702369
LCLB	0.23023288	227.8678019	86.39347158	1.036320983	82.46348247
LCLB	0.37318569	235.0803098	89.79435937	1.034706351	80.63253409
LCLB	0.1366967	245.4418622	85.71407152	1.000113332	81.31709535
LCLB	0.391806192	243.0847307	87.89914788	1.029034102	88.58744969
LCLB	0.287515549	212.8547103	86.41275134	1.112303738	86.33783285
LCLB	0.265304009	242.3023728	86.39504145	0.980043402	82.53201163
LCLB	0.233402445	229.0296709	87.02484294	1.009705163	85.55295825
LCLB	0.185147138	231.0931115	89.99396468	0.923971159	85.27579622
LCLB	0.330053166	231.0979549	85.27483153	0.939221733	86.55435978
LCLB	0.224035987	227.7463552	87.89270909	1.006846931	82.33187554
LCLB	0.01329303	247.8756125	85.41286079	1.077275348	88.64402987
LCLB	0.098281354	228.7442306	85.77260415	0.982060342	83.09368562
LCLB	0.191415425	213.2068081	87.19781471	0.983485843	86.94131654
LCLB	0.240999898	224.0970522	87.55230066	0.971518033	80.16124646
LCLB	0.204341151	232.6804208	86.29396204	0.962567033	83.7265713
LCLB	0.331897079	248.4382218	86.58228565	1.020648002	83.51709818
LCLB	0.014889814	239.0464203	85.4348351	0.895191965	85.43484429
LCLB	0.224358794	217.2419708	86.51609892	1.08966577	80.72736262
LCLB	0.028202077	267.2778488	89.8327922	0.953420439	87.90131374
LCLB	0.28597123	233.9716297	89.72353691	1.050533244	82.17780802
LCLB	0.200554129	249.1308611	86.67439145	0.911100098	86.77037815
LCLB	0.251960997	227.7242835	87.85426968	1.046818809	88.03212123
LCLB	0.123611704	238.0003887	89.54797696	1.047036123	85.61876956
LCLB	0.337946493	242.5920276	85.03091911	1.026894145	87.40883207
LCLB	0.314172466	248.2729207	89.05341785	0.930390003	86.61860312
LCLB	0.26835443	245.8605246	89.74184776	1.017468373	83.55529797
LCLB	0.197048275	243.082955	85.45662867	0.917186067	88.08858539
LCLB	0.267985729	225.273699	85.80723843	0.982306572	82.9470137
LCLB	0.139310743	221.4238094	89.80373151	1.072058917	85.71212918
LCLB	0.295555566	234.9891127	87.68770072	1.055769135	87.45397739
LCLB	0.374948089	243.9969211	85.07098317	1.001062806	83.7895591
LCLB	0.317061056	226.6591895	86.28815999	0.93176354	83.02767608
LCLB	0.137039753	245.9775795	87.24971837	1.04519114	84.5934601
LCLB	0.246141732	251.7892512	88.46454456	1.001356687	88.17963494
LCLB	0.080685846	216.2551862	88.66580189	0.837577908	89.29921763
LCLB	0.267239031	217.4461894	89.97710756	1.054784088	85.45083413
LCLB	0.255060341	227.8943741	86.437556	0.998303702	86.61466205
LCLB	0.023018366	234.61419	87.69110051	1.084171587	89.03273622
LCLB	0.093821616	222.1314948	87.66661774	0.923331064	80.98546851
LCLB	0.18168611	250.2830402	87.0282263	0.777630733	82.32078578
LCLB	0.179914025	236.3610029	85.84580947	1.01953587	87.08900006
LCLB	0.089052306	230.5917057	89.88728282	1.020409457	88.23744462
LCLB	0.248897873	208.4613571	89.26658593	0.881652986	88.57029028
LCLB	0.235147361	210.2627628	87.49166514	0.931505032	84.15107177
LCLB	0.190573087	234.2151388	88.01622711	1.192865242	80.89339902
LCLB	0.13442085	198.0110656	86.13630527	0.978607257	84.37781477
LCLB	0.314870713	245.1895611	87.71893535	1.051167128	82.3073459
LCLB	0.375540711	227.6276923	88.47485067	0.954453812	82.91196455
LCLB	0.161643852	278.6463945	87.57583514	0.853678797	87.72267557
LCLB	0.148783308	264.6187438	89.95142585	0.988081923	80.75527086
LCLB	0.259120767	227.278264	88.05670828	0.981407681	88.27581217
LCLB	0.174197062	228.404945	86.85486856	0.972008523	84.27669086
LCLB	0.19606028	244.9337227	88.86076014	0.991975142	85.96063931
LCLB	0.283965315	255.5475891	85.85231256	1.018498779	80.89652231
LCLB	0.019064391	205.4295641	86.92257907	0.989491813	83.37359078
LCLB	0.341830232	203.204368	86.73479475	0.911519568	80.89700919
LCLB	0.217268052	220.6694779	87.15903548	1.034032935	89.61543723
LCLB	0.168850686	238.7410637	88.90889913	0.863543977	88.07261649
LCLB	0.201076585	237.4531039	87.42086516	0.856474978	84.59632754
LCLB	0.206242936	246.0465718	88.97007225	1.051742635	82.23602548
LCLB	0.03687987	212.0045371	87.88244452	1.035491419	89.33455105
LCLB	0.359493823	195.2578421	86.71034717	0.995982324	83.44596596
LCLB	0.214132563	242.8702129	89.04989372	0.902318605	81.60984432
LCLB	0.254300213	217.5770559	86.19144835	0.950446234	85.63164388
LCLB	0.305154977	199.722682	86.1219149	0.981607728	89.4377412
LCLB	0.107883754	232.1759562	87.52251462	0.888287422	80.03830291
LCLB	0.25734719	241.8976353	86.30424623	0.948267994	82.38124843
LCLB	0.183235891	228.169143	85.04543517	1.045663124	89.3844764
LCLB	0.294677078	223.1322742	88.24148764	1.099911376	81.71085967
LCLB	-0.002722742	227.6095665	87.55546911	0.970639567	81.13243452
LCLB	0.20009057	224.4412586	87.22758907	1.052954185	85.70187216
LCLB	0.149717934	209.7792933	89.83484257	0.866015795	88.61843823
LCLB	0.253226295	219.2797898	87.85599592	1.046161587	84.77109818
LCLB	0.257004419	237.8191986	89.31715789	0.943723611	89.94564257
LCLB	0.139237411	234.8251781	85.69725118	1.021514193	86.791717
LCLB	0.138782614	232.5208971	87.84603232	0.982657331	80.74074907
LCLB	0.198933463	215.0727728	89.33989813	1.092428981	89.92832132
LCLB	0.120335777	227.2774526	87.91552879	0.938789505	84.07894237
LCLB	0.29419837	197.3440243	88.59007089	1.043932441	82.87402534
LCLB	0.17307928	232.67715	86.86021784	0.980434478	85.57879184
LCLB	-0.080698822	251.4328656	85.46224759	0.988918617	83.04307592
LCLB	0.172517794	207.888018	87.28950148	0.987130227	80.86457507
LCLB	0.106145618	221.2110849	86.97239695	0.940802883	80.01428343
LCLB	0.046872418	234.9366017	89.33530091	0.999013072	84.49583353
LCLB	0.086257336	248.7926395	86.21997651	0.995614624	88.36863422
LCLB	0.220940847	223.2766308	89.83367114	1.016886817	85.72315186
LCLB	0.342864083	219.6162451	89.7906906	1.00591536	89.99207299
LCLB	0.241318447	200.4661529	86.23815822	1.055859618	82.86846646
LCLB	0.149349661	231.5515719	86.74025978	1.064645603	82.80455065
LCLB	0.25559042	260.6311406	89.4777787	0.926456367	81.5974946
LCLB	0.164090969	234.1603769	89.8331111	1.060814075	81.64063588
LCLB	0.140539963	229.6658153	87.21719551	0.91695645	82.85186596
LCLB	0.094563733	234.8312347	86.60498523	1.041149912	87.92840045
LCLB	0.034817119	229.8336199	87.63047007	1.043381715	89.05756791
LCLB	0.171007629	217.8047844	88.43884603	0.866207818	89.7508717
LCLB	0.225805349	242.3491987	86.36737258	1.006508547	82.32289654
LCLB	0.200337633	233.3864228	88.68236587	0.967205272	88.81297546
LCLB	0.168403307	230.2641988	85.25828679	0.946886432	83.28255089
LCLB	0.115425394	215.3695096	85.24647246	1.094559663	81.12840545
LCLB	0.270824619	249.552619	86.93143853	0.95424246	88.70024926
LCLB	0.078286808	239.9705412	86.76736596	0.943553615	86.36105635
LCLB	0.287602791	221.7061874	86.57816608	1.005298646	81.64730896
LCLB	0.109778298	245.0273728	87.45509881	1.047991282	84.29831258
LCLB	0.134756476	222.5364374	86.60366791	0.990084599	82.87257695
LCLB	0.063321481	218.2699476	85.96128959	1.081645938	87.36794569
LCLB	0.159859785	218.6044532	86.54734775	1.037168296	84.53416231
LCLB	0.307531246	203.4339717	89.87452136	0.847525208	89.89279945
LCLB	0.261562809	237.0731357	87.05556708	0.962937313	80.54744982
LCLB	0.307842211	202.5328268	87.22356388	0.960671053	83.55015266
LCLB	0.262214255	211.5733425	87.88272495	1.033555267	84.81900167
LCLB	0.099633017	198.8661799	89.91670384	0.816262806	85.03133555
LCLB	0.176921078	228.7089546	86.20800638	1.17843068	83.15935822
LCLB	0.131980087	227.7451931	88.40641055	1.037171827	87.29240249
LCLB	0.34305749	225.0995568	88.57992347	1.010421376	88.74747073
LCLB	0.090321135	214.3613346	88.03662208	1.08270974	89.38719302
LCLB	0.299369769	212.4164937	85.4428917	1.164055784	88.05093377
LCLB	0.299295387	236.965548	88.38436138	1.060952265	88.50580197
LCLB	0.39296202	221.741721	85.32047356	1.066416917	85.50545301
LCLB	0.169031341	234.7453748	87.98071325	1.009148302	88.25888226
LCLB	0.281232216	216.7212697	88.69790589	0.990093197	83.03503909
LCLB	0.438165184	232.7159411	86.05484945	0.966694319	83.98478762
LCLB	0.148235832	249.5491706	89.20811004	0.942172161	83.16913014
LCLB	0.056495975	238.792487	85.15176903	0.951909013	84.67387335
LCLB	0.021998997	223.8137927	89.21906432	0.905461082	82.85579616
LCLB	0.281271203	233.8579846	87.30164525	0.994688998	89.61611442
LCLB	0.021684979	226.3900224	86.0879397	0.88207327	83.12844628
LCLB	0.172768095	230.1182028	85.66889072	1.013364157	80.98044538
LCLB	0.253731319	225.1158342	89.76653584	0.997456857	85.26817166
LCLB	0.228517554	227.5349719	85.36332794	1.010285471	80.57099078
LCLB	0.252544486	233.1814003	85.9954671	0.96345079	81.10543166
LCLB	0.232228986	215.0996195	86.73911174	1.215380226	82.19389389
LCLB	0.337886581	214.7618176	88.10117424	1.095208113	84.6435025
LCLB	0.114768362	209.1718617	87.72400543	0.912882025	84.33250932
LCLB	0.142300486	205.9959334	85.62821746	1.016300766	87.99691862
LCLB	0.132734055	211.7407596	86.44863992	0.95743957	87.39474654
LCLB	0.293019181	232.3919376	86.19375886	0.928986419	84.26318294
LCLB	0.300039859	216.6081873	86.06771427	0.906194955	83.33704208
LCLB	0.255122532	237.704217	87.05572168	1.030255168	83.16468784
LCLB	0.328349367	230.5207062	88.52015726	0.952303384	87.73995087
LCLB	0.092195913	200.4724368	86.08726466	1.067747822	80.52072406
LCLB	0.376722411	239.8246338	86.8333944	1.069564755	80.1282165
LCLB	0.362323862	242.1619797	86.95458713	1.096174007	87.95544392
LCLB	0.2835622	215.0920599	89.88228265	0.940332926	84.77146376
LCLB	0.388179891	236.3028731	89.77333178	1.033275593	81.30881139
LCLB	0.044337679	217.1525264	89.00068791	1.044271795	82.35565935
LCLB	0.157555186	231.4650557	86.2082946	0.966807528	89.32503953
LCLB	0.136469654	211.0325239	85.34018657	0.945975963	88.59502976
LCLB	0.282147932	203.1034032	86.58452069	1.112666447	87.0978505
LCLB	0.104985926	224.2577422	86.33397275	1.015924711	84.8222523
LCLB	0.285749515	228.1440658	87.529629	1.044517743	85.20323626
LCLB	0.347053614	224.0348046	88.88863955	0.942454679	89.75244535
LCLB	0.27952029	212.2395416	89.29161469	0.914650087	89.65770444
LCLB	0.238375102	224.0015141	89.22432043	0.960138516	82.15269046
LCLB	0.111212666	234.0394213	86.79837781	0.991318503	88.11104566
LCLB	0.125314903	229.3266045	88.43617172	0.9255046	81.97242666
LCLB	0.334961891	232.7375155	86.56417099	0.999310863	82.13537478
LCLB	0.2879349	219.948272	85.30452772	0.881804637	86.76093034
LCLB	0.206098048	247.5757687	88.50782633	0.92159668	84.05001099
LCLB	0.168209045	212.3574	85.04913776	1.046963787	89.31544407
LCLB	0.007419213	237.3134045	87.04591294	1.042265336	80.89009735
LCLB	0.102914758	247.7283664	86.64689635	0.972568626	85.11525641
LCLB	0.401141909	237.2136214	88.46688769	0.928756498	89.1852153
LCLB	0.081954443	226.9621366	88.83122736	0.928081751	89.0411366
LCLB	0.228947982	222.0755443	86.52047318	0.973871223	81.56529213
LCLB	0.310744397	245.5413148	89.05813507	1.045116294	83.666377
LCLB	0.084507733	208.6553761	86.4695838	1.064977198	86.191214
LCLB	0.228471047	215.4481361	87.2316318	0.965242779	81.59394885
LCLB	0.303791554	224.0366335	88.63509264	0.91925553	89.68022172
LCLB	0.211249932	248.5648064	88.46460115	1.018749055	89.14749329
LCLB	0.496840306	235.6965145	89.93684236	0.942352552	81.66950179
LCLB	0.043140074	215.4793136	86.12580512	0.963722315	81.21155461
LCLB	0.315872853	225.3453844	88.31158957	1.092769326	80.85408483
LCLB	0.192719826	220.7851528	88.04840954	1.05789808	89.09443664
LCLB	0.287192015	219.3531651	89.57549227	1.011058202	81.9362381
LCLB	0.254130715	244.6833434	85.78181071	0.91096567	84.16284929
LCLB	0.13668438	209.4238531	88.75899082	1.01479776	84.48851366
LCLB	0.232899639	254.1317128	87.84134308	1.07438601	85.99011044
LCLB	0.024209855	242.4234454	86.37332935	0.973705643	80.71735344
LCLB	0.27032475	246.3629251	87.37217457	1.094577986	82.26758617
LCLB	0.239815847	223.0559073	86.66888299	1.09049217	89.31490387
LCLB	0.273866017	227.7508892	87.89656701	1.116461298	89.08410107
LCLB	0.315811833	208.5027228	89.44500305	1.021367019	87.81290647
LCLB	0.246761984	222.1300639	87.84652492	1.041117419	80.19401246
LCLB	0.224808942	237.4048227	88.15861209	1.09899311	83.27006768
LCLB	0.121893166	249.4409459	87.59373924	1.031317576	86.27958735
LCLB	0.138777924	213.3926477	85.25582753	0.964913612	82.75190212
LCLB	0.328673462	224.5174109	86.16429278	0.968602001	89.09586695
LCLB	0.353633541	227.7305117	87.46000865	1.016698847	86.33889462
LCLB	0.186188956	209.063162	86.55117642	0.9096607	80.71906717
LCLB	0.214600275	238.8702386	85.90881799	0.989971876	89.09005589
LCLB	0.119538563	219.140145	87.52066421	1.076758298	89.57766658
LCLB	0.327275685	227.0691447	86.61404897	0.84661223	80.77712418
LCLB	0.276541682	223.2207594	86.29053822	1.107413747	85.32360235
LCLB	0.404121744	218.1599224	87.31992709	1.078566195	83.03364282
LCLB	0.122167692	229.8943252	85.66642129	0.967816477	83.92839076
LCLB	0.17219921	226.7658563	89.63872867	1.038037358	81.79651218
LCLB	0.233144592	224.4221318	89.33851049	1.000220341	85.78072102
LCLB	0.274648954	219.0730757	88.53810293	1.086099326	89.57979353
LCLB	0.188433236	234.7928701	85.53106914	1.06878782	85.030726
LCLB	0.122703891	254.804259	88.87938627	0.901995049	80.82914581
LCLB	0.298140753	232.0983085	89.03978664	1.041108369	86.20001333
LCLB	0.282113536	244.9417732	88.83882309	0.98560605	83.40222994
LCLB	0.11837259	209.1466711	85.56982944	1.00579828	88.5592519
LCLB	0.34554428	232.3664216	88.21953979	0.949027967	84.34678148
LCLB	0.327019871	213.5394752	89.17162398	1.122369595	81.92839609
LCLB	0.22342965	207.8461261	87.88676701	1.072804327	81.91105623
LCLB	0.217959786	218.9094289	88.23203688	0.948216019	87.68764181
LCLB	0.265405777	247.87849	87.2918174	0.906577258	82.65587598
LCLB	0.123829693	244.2502374	87.6435366	0.973002916	87.67233394
LCLB	0.213003148	233.6450708	85.17188429	1.030415185	82.05887311
LCLB	-0.005238354	207.0094916	88.19481511	1.016814409	83.21686369
LCLB	0.297645565	227.0557902	85.40723606	1.087719298	84.65486972
LCLB	0.053850678	234.5255001	87.17507297	1.055294381	89.4319585
LCLB	0.360341983	232.6330434	86.46327549	1.067869832	89.31731425
LCLB	0.176987991	202.3430962	87.72713975	1.022879878	82.06871875
LCLB	0.188833302	216.6452323	85.66708168	0.902749089	83.58219041
LCLB	0.147226609	229.0388335	88.45821701	0.986301103	81.49399388
LCLB	0.181196113	238.0443636	88.97505768	1.074206282	85.09985079
LCLB	0.351853135	197.0580827	85.81677225	0.996393395	84.60582551
LCLB	-0.038780866	227.5681404	85.52156544	1.035216326	89.00760162
LCLB	0.337696539	232.1457315	85.72757741	0.977687618	89.30005378
LCLB	0.243802348	242.7441798	89.38563781	0.927913171	83.83567391
LCLB	0.089297835	240.3928638	87.64094631	0.991365916	84.91737943
LCLB	0.102468761	238.7385698	87.33630498	1.021633321	88.96236249
LCLB	0.377639303	218.0008924	85.5335591	0.95410186	88.06707808
LCLB	0.115449312	201.3799679	88.24778003	0.983500213	80.03656311
LCLB	0.094664949	224.1042086	89.33999796	0.934237573	83.20059564
LCLB	0.323731454	245.0244774	89.14092935	1.078347144	84.21774242
LCLB	0.243855288	250.9018179	88.13027354	0.979388097	82.29716284
LCLB	0.116207442	240.6582365	85.37639358	1.101692888	81.99571616
LCLB	0.231662498	236.4401123	85.56198514	1.10701235	80.37784507
LCLB	0.107424732	235.6945947	85.24654494	0.994326782	86.43369725
LCLB	0.32008214	221.6582188	86.28739608	0.929408589	82.6251029
LCLB	0.316137096	228.0490956	85.67830734	0.853987149	80.52347178
LCLB	0.26320062	255.0360429	86.3002402	0.896957405	82.30979311
LCLB	0.246166106	215.8616299	86.92529028	0.903831562	88.01913953
LCLB	0.386118812	254.2216819	89.71491392	1.096492874	88.51489182
LCLB	0.209968633	225.1695777	88.0518803	1.008107721	84.83066245
LCLB	0.091812587	249.8814816	89.17486893	1.027272317	84.1607067
LCLB	0.254947391	208.8977749	88.5517575	0.844570529	89.77853694
LCLB	0.418604705	238.788563	85.56251565	0.91614235	82.0056466
LCLB	0.108524051	218.948448	88.67960203	1.062095584	82.15359283
LCLB	0.173853723	208.7709921	86.37549441	1.020074188	82.91867177
LCLB	0.251644604	233.2780106	88.19553923	0.98969563	81.72757318
LCLB	0.204609515	245.1420768	86.70480987	1.039538965	83.79365598
LCLB	0.111769642	217.3258784	89.98836132	1.114505846	89.10834227
LCLB	0.322185786	207.5147606	86.3177574	0.984527028	86.15347841
LCLB	0.442004072	228.6223285	86.39565235	1.004855886	84.11946549
LCLB	0.229613146	228.6884701	89.65336128	1.013481784	89.34410795
LCLB	0.119593171	238.2247944	85.12322202	1.167447674	80.48464232
LCLB	0.055103947	244.2439186	88.48344494	0.853045061	82.10276178
LCLB	0.235797598	229.1087723	88.62663195	1.047825611	85.65888605
LCLB	0.320387734	257.8325497	89.18189289	0.991963843	86.15552623
LCLB	0.257516775	233.3635212	89.87219655	1.039674021	80.39557507
LCLB	0.209759616	224.8036024	89.8780096	0.953983921	84.03038758
LCLB	0.151072835	205.8264896	85.32638379	0.996572448	86.49153965
LCLB	0.100783637	226.0601072	89.10919661	1.049798741	86.98070546
LCLB	0.293475133	224.9541958	88.23154967	1.217903714	86.38139903
